4  0.299285 0.807607 0.110577 0.115384
4  0.616592 0.769144 0.100961 0.115384
4  0.563707 0.811212 0.105768 0.117789
4  0.510823 0.853279 0.105770 0.120192
4  0.460342 0.896549 0.105770 0.115386
4  0.405053 0.939817 0.105770 0.120192
4  0.509620 0.636933 0.103365 0.110578
4  0.456737 0.676597 0.103367 0.112981
4  0.405053 0.722270 0.105770 0.112981
4  0.352169 0.763135 0.105768 0.112981
5  0.147842 0.706645 0.129808 0.134614
5  0.395437 0.511934 0.134615 0.144230
5  0.334141 0.562415 0.137018 0.144230
5  0.272842 0.608087 0.134615 0.139422
5  0.207937 0.658568 0.129808 0.134616

