9  0.091112 0.668950 0.165866 0.194711
9  0.172841 0.668951 0.165864 0.199519
9  0.333899 0.667749 0.151443 0.177885
9  0.478131 0.674960 0.146636 0.177885
9  0.558659 0.682172 0.149037 0.173077
9  0.639188 0.686979 0.151441 0.187499
9  0.659620 0.200201 0.149037 0.213943
9  0.504572 0.203806 0.146636 0.211538
9  0.427649 0.195392 0.146636 0.209135
9  0.283418 0.190584 0.127403 0.199519
9  0.210101 0.192989 0.153847 0.218750
9  0.127168 0.167748 0.132213 0.192308
10  0.908418 0.911739 0.036057 0.069712
10  0.651207 0.898517 0.040867 0.091346
10  0.535823 0.896114 0.040867 0.091346
10  0.379573 0.892508 0.040864 0.112981

