1  0.469134 0.350928 0.060090 0.045674
1  0.540048 0.180255 0.038457 0.074519
1  0.567695 0.173044 0.040865 0.074522
1  0.598941 0.163429 0.040865 0.074519
1  0.495573 0.140593 0.074520 0.043271
1  0.421057 0.167034 0.069710 0.048077
1  0.677066 0.207900 0.067302 0.062499
1  0.524425 0.335304 0.060097 0.057690
1  0.465528 0.382179 0.086541 0.040868
1  0.483559 0.200689 0.036056 0.072116
1  0.483556 0.438669 0.137019 0.057693
1  0.496777 0.485543 0.124998 0.050480
1  0.506393 0.537226 0.139427 0.062499
1  0.534037 0.651409 0.165870 0.069712
1  0.541248 0.711507 0.146631 0.060096
1  0.534037 0.777611 0.141828 0.062499
1  0.562885 0.834101 0.161060 0.074519
1  0.512400 0.189871 0.040865 0.074519
1  0.457113 0.204293 0.040865 0.074519
1  0.425863 0.217514 0.045675 0.076922
1  0.577308 0.900208 0.175483 0.072116
1  0.577308 0.962708 0.161060 0.067309
1  0.955913 0.295641 0.173074 0.165866
1  0.928269 0.038429 0.084139 0.064903
1  0.999183 0.014390 0.081731 0.064903
1  0.963128 0.025208 0.081731 0.062499
7  0.553269 0.894197 0.338937 1.060097

