7  0.742106 0.810351 1.026442 0.971153
1  0.334655 0.107228 0.081733 0.088943
1  0.369512 0.086794 0.088942 0.096155
1  0.404367 0.049534 0.086536 0.093749
1  0.433212 0.021891 0.072117 0.076921
1  0.228885 0.053139 0.072117 0.091349
1  0.262540 0.020688 0.086536 0.098560
1  0.198838 0.075977 0.079326 0.098555
1  0.287781 0.721408 0.060094 0.076920
1  0.119512 0.876457 0.074520 0.084137
1  0.177204 0.825975 0.084136 0.088943
1  0.139944 0.722611 0.081733 0.084137
1  0.166386 0.697371 0.067307 0.086538
1  0.201241 0.669728 0.084133 0.088943
1  0.237300 0.774294 0.079326 0.091343
1  0.267347 0.747851 0.072117 0.086538
1  0.748116 0.794726 0.120191 0.122595
1  0.407972 0.619248 0.074520 0.088943
1  0.778164 0.750254 0.093752 0.105766
1  0.821434 0.715400 0.127401 0.122595
1  0.863500 0.680542 0.115385 0.120195
1  0.322637 0.698574 0.076923 0.088943
1  0.252924 0.618045 0.081730 0.091349
1  0.279368 0.595208 0.067307 0.069709
1  0.308213 0.567565 0.081733 0.086538
1  0.709656 0.835592 0.129807 0.137023
1  0.672394 0.868043 0.112981 0.110578
1  0.590665 0.932946 0.093749 0.105767
1  0.549800 0.973815 0.117788 0.125001
1  0.989703 0.589199 0.122594 0.134618
1  0.950040 0.620448 0.120191 0.120189
1  0.381531 0.643285 0.064904 0.079326
1  0.341868 0.549533 0.062500 0.074520
1  0.303405 0.138474 0.086536 0.088943
1  0.859895 0.083188 0.074517 0.079331
1  0.772155 0.156506 0.072114 0.076926
1  0.802203 0.132468 0.069713 0.081732
1  0.831049 0.106025 0.074520 0.086538
1  0.845471 0.233429 0.074520 0.076920
1  0.871915 0.208186 0.069710 0.079326
1  0.897155 0.178140 0.062500 0.062503
1  0.926001 0.156503 0.072114 0.081732
1  0.161578 0.103620 0.076923 0.086538
1  0.427204 0.462996 0.079326 0.084132
1  0.133934 0.127660 0.084133 0.091349
1  0.112299 0.297129 0.079326 0.084137
1  0.149559 0.276698 0.076923 0.086543
1  0.179607 0.246649 0.084136 0.088938
1  0.210857 0.219003 0.084133 0.100961
1  0.242108 0.191360 0.088943 0.103366
1  0.272155 0.163717 0.072113 0.091349
1  0.743308 0.175737 0.076923 0.091344
1  0.716867 0.206986 0.067307 0.081726
1  0.688020 0.228620 0.067310 0.086538
1  0.657972 0.261075 0.088942 0.088943
1  0.460856 0.446170 0.074520 0.084137
1  0.484895 0.417321 0.079326 0.084132
1  0.470472 0.572370 0.074520 0.086538
1  0.500521 0.547130 0.081733 0.093749
1  0.528166 0.520690 0.074520 0.079326
1  0.553405 0.493044 0.067307 0.086538
1  0.588261 0.469007 0.084136 0.081732
1  0.510135 0.388478 0.072117 0.079326
1  0.537781 0.356024 0.088942 0.081732
1  0.571434 0.335592 0.074520 0.084137
1  0.600279 0.310352 0.074520 0.076926
1  0.629126 0.289920 0.055291 0.060097
1  0.674799 0.392081 0.069713 0.091344
1  0.728885 0.335592 0.072117 0.084137
1  0.764943 0.315161 0.076923 0.081732
1  0.058213 0.928138 0.072117 0.086538
1  0.031771 0.948572 0.072117 0.084137
1  0.018550 0.377661 0.093752 0.100961
1  0.102684 0.156506 0.093749 0.105772
1  0.076241 0.185351 0.079326 0.086538
1  0.041387 0.211794 0.076923 0.091343
1  0.083453 0.327178 0.069713 0.086543
1  0.077442 0.771888 0.076923 0.076921
1  0.051002 0.801937 0.057694 0.069714
1  0.023358 0.823574 0.064904 0.074520

