1  0.119703 0.538432 0.050483 0.093749
1  0.866097 0.342519 0.144230 0.091346
1  0.687011 0.411029 0.189904 0.117787
1  0.634127 0.248768 0.132211 0.211541
1  0.711049 0.224730 0.112982 0.201920
1  0.184607 0.531221 0.132211 0.209138
1  0.226673 0.479538 0.072116 0.115384
1  0.280760 0.460308 0.098559 0.125001
1  0.158164 0.354538 0.233174 0.139422
1  0.131722 0.280019 0.228365 0.129806
1  0.093261 0.192279 0.209136 0.132214
1  0.082444 0.114153 0.225960 0.129811
1  0.045184 0.030018 0.218750 0.134612
7  0.934607 0.176653 0.795672 0.475959
1  0.981482 0.170644 0.086540 0.141825
1  0.926193 0.181462 0.086540 0.139422

