14  0.924094 0.553152 0.086539 0.048074
14  0.362795 0.638487 0.093751 0.084133
14  0.183708 0.838008 0.081734 0.074522
14  0.153660 0.953396 0.079324 0.084133
14  0.698131 0.261083 0.067311 0.060097
14  0.891641 0.083204 0.064904 0.060097
7  0.975774 0.312769 0.064904 0.062500
7  0.990198 0.256277 0.064905 0.050485
7  0.963756 0.197382 0.064901 0.072111
7  0.924094 0.166136 0.028846 0.062499
7  0.353179 0.924544 0.079324 0.088939
7  0.594766 0.889695 0.076921 0.081731
7  0.576737 0.669737 0.093751 0.098559
7  0.706544 0.728636 0.074519 0.076925
7  0.820727 0.548346 0.067307 0.072119
7  0.699334 0.499067 0.079328 0.088948
7  0.913274 0.417336 0.060096 0.060097
7  0.825536 0.286326 0.076925 0.076925

