10  0.914386 0.706385 0.100960 0.081732
10  0.931212 0.756863 0.105771 0.081732
10  0.730489 0.856623 0.098558 0.074521
10  0.355490 0.100614 0.093751 0.072113
10  0.230491 0.059748 0.079326 0.067310
10  0.885540 0.672730 0.100960 0.081728
10  0.646358 0.897487 0.103365 0.084136
10  0.505731 0.635469 0.096157 0.084136
10  0.421596 0.946769 0.105767 0.086540
10  0.163183 0.427536 0.108172 0.086540
10  0.027367 0.147489 0.086539 0.079328
10  0.378327 0.328979 0.100960 0.086535
10  0.433616 0.452777 0.110578 0.088939
10  0.480491 0.584988 0.093747 0.079324

