9  0.221886 0.215512 0.081734 0.103359
9  0.488714 0.478734 0.120183 0.153840
9  0.453863 0.169849 0.117794 0.093750
10  0.269962 0.024406 0.091346 0.086536
10  0.001939 0.067681 0.074510 0.096159
10  0.045208 0.103735 0.074510 0.091341
10  0.094487 0.121769 0.072107 0.088945
10  0.134144 0.161431 0.079330 0.091341
10  0.172608 0.195083 0.084136 0.100963
10  0.277178 0.250369 0.100973 0.125000
10  0.327665 0.281626 0.091346 0.105768
10  0.751939 0.406618 0.084137 0.086536
10  0.713475 0.455902 0.103361 0.079322
10  0.697855 0.502777 0.100958 0.072109
10  0.552418 0.209503 0.084122 0.081732
10  0.499528 0.125376 0.088942 0.081732
10  0.626936 0.124172 0.103361 0.084141
10  0.676221 0.077290 0.125004 0.105768
10  0.713476 0.019602 0.122586 0.096145
10  0.577658 0.023208 0.096152 0.088932
10  0.539193 0.055656 0.086540 0.076927
10  0.507947 0.650615 0.076913 0.093750
10  0.398570 0.600134 0.074524 0.093750
10  0.423817 0.419841 0.100958 0.127409
10  0.322851 0.477536 0.081719 0.103372
10  0.219482 0.531618 0.110570 0.115390

