9  0.555697 0.990486 0.355768 0.254810
9  0.490794 0.782553 0.350961 0.257211
9  0.554494 0.906352 0.358174 0.259613
9  0.458341 0.673179 0.353364 0.264426
9  0.356178 0.037361 0.370193 0.271635
9  0.464350 0.599861 0.350964 0.262018
9  0.353773 0.125101 0.360577 0.264423
9  0.381417 0.218853 0.338942 0.250000
9  0.391033 0.310199 0.338942 0.249999
9  0.441514 0.427986 0.353367 0.259616
9  0.435505 0.500101 0.360577 0.264423
9  0.177091 0.927987 0.353367 0.264423
9  0.112188 0.650343 0.358174 0.262018
9  0.049686 0.521736 0.204326 0.153846
9  0.135023 0.500102 0.274038 0.206733
9  0.089349 0.389526 0.298077 0.216346

