9  0.771513 0.320154 0.141832 0.161061
9  0.591227 0.318951 0.151440 0.158655
9  0.680169 0.324961 0.156251 0.161053
9  0.856851 0.312942 0.139423 0.151446
9  0.509495 0.493231 0.165866 0.151446
9  0.612859 0.493231 0.161063 0.151446
9  0.723437 0.481211 0.156244 0.151446
9  0.789542 0.513662 0.163465 0.158647
9  0.903726 0.499241 0.156251 0.153844
9  0.999881 0.496835 0.165866 0.153844
9  0.555169 0.888662 0.165867 0.163466
9  0.644110 0.893470 0.161055 0.158647
9  0.728244 0.888662 0.151448 0.158655
9  0.837617 0.903084 0.144234 0.168270
9  0.919350 0.900682 0.153842 0.163466

