9  0.036388 0.951653 0.127404 0.079329
9  0.175811 0.821844 0.093748 0.194713
9  0.559226 0.354296 0.187500 0.091349
9  0.544802 0.422807 0.197116 0.093753
9  0.535186 0.493721 0.192308 0.086541
9  0.538794 0.575451 0.141828 0.076920
9  0.503938 0.624730 0.192308 0.074516
9  0.490716 0.692038 0.151440 0.079324
10  0.455860 0.945643 0.100960 0.057692
10  0.476292 0.893961 0.098559 0.055288
10  0.481100 0.752132 0.108175 0.060096
9  0.561630 0.290594 0.173076 0.074520
9  0.309225 0.570643 0.096152 0.197112
9  0.370524 0.587469 0.088943 0.201925
9  0.157783 0.342278 0.187500 0.086536
9  0.150571 0.396365 0.173076 0.084132
9  0.143359 0.449249 0.192308 0.088940
9  0.121725 0.505739 0.192310 0.086536
9  0.096485 0.558623 0.189904 0.096152
9  0.079657 0.625932 0.185096 0.091344
9  0.073648 0.687230 0.192308 0.084132
9  0.064032 0.759346 0.187500 0.088940
9  0.036389 0.818240 0.175480 0.091344
9  0.035187 0.880738 0.177884 0.086541
9  0.291197 0.349488 0.079328 0.192309
9  0.245523 0.577855 0.103364 0.197112
9  0.357302 0.330258 0.096155 0.192304
9  0.417398 0.366316 0.100963 0.197117

