9  0.274016 0.046804 0.278844 0.199520
9  0.072093 0.045602 0.326920 0.225966
9  0.057668 0.135745 0.278850 0.199520
9  0.400216 0.235505 0.281249 0.197116
9  0.084109 0.260747 0.360575 0.247599
9  0.088921 0.362909 0.298077 0.206733
9  0.338917 0.508343 0.259617 0.189903
9  0.187477 0.618920 0.355770 0.233174
9  0.140603 0.694643 0.353364 0.235578
9  0.066082 0.753536 0.310099 0.209131
9  0.414641 0.947045 0.338943 0.221153
9  0.840120 0.981901 0.334131 0.233174
9  0.448293 0.866516 0.262016 0.185094
9  0.520408 0.802815 0.281249 0.197115
9  0.867764 0.896564 0.331732 0.225967
9  0.961515 0.850889 0.278850 0.192307
9  0.661033 0.681419 0.355770 0.242791
9  0.420649 0.645361 0.365380 0.237982
9  0.688676 0.594883 0.348559 0.233174
9  0.665841 0.483102 0.346154 0.235578
9  0.719929 0.409783 0.334131 0.223557
9  0.810074 0.360507 0.245195 0.173078
9  0.545652 0.210263 0.322115 0.228365
9  0.813679 0.255941 0.281249 0.199520
9  0.551660 0.102091 0.262022 0.189903
9  0.995170 0.035988 0.326926 0.177887

