7  0.724704 0.796693 0.447115 1.403847
7  0.337683 0.687319 0.576923 1.353366
1  0.300426 0.615204 0.079327 0.036055
1  0.308837 0.563521 0.076924 0.038459
1  0.441050 0.593569 0.096154 0.055289
1  0.441050 0.549097 0.096154 0.052885
1  0.312444 0.521454 0.088944 0.040867
1  0.322059 0.468569 0.093747 0.045675
1  0.467493 0.451743 0.096154 0.045674
1  0.344896 0.431310 0.072114 0.043266
1  0.340088 0.374817 0.105771 0.060096
1  0.481913 0.397656 0.096154 0.052885
1  0.487925 0.354386 0.093750 0.057693
1  0.346097 0.327945 0.088944 0.052885
1  0.359318 0.269051 0.081730 0.045674
1  0.496338 0.297895 0.091344 0.050482
1  0.366531 0.226982 0.105771 0.048078
1  0.515568 0.192127 0.072117 0.036055
1  0.534800 0.100780 0.100961 0.055289
1  0.522780 0.031070 0.192308 0.084133
1  0.380954 0.172895 0.081730 0.036059
1  0.384559 0.068329 0.137021 0.072119
1  0.292011 0.656069 0.086537 0.060096
1  0.417011 0.683713 0.072117 0.033651
1  0.279992 0.702945 0.086540 0.057693
1  0.880954 0.107991 0.072117 0.040867
1  0.842492 0.163280 0.091347 0.055289
1  0.806435 0.335156 0.067307 0.038463
1  0.765570 0.569530 0.076924 0.045670
1  0.752348 0.660876 0.055287 0.036060
1  0.709078 0.862798 0.069714 0.045675
1  0.695858 0.906069 0.062500 0.036059
1  0.408596 0.729385 0.079327 0.033656
1  0.228309 0.968569 0.084134 0.045674
1  0.231915 0.920491 0.072114 0.036060
1  0.362924 0.949339 0.093750 0.050482
1  0.240329 0.884433 0.074520 0.036055
1  0.367733 0.906069 0.079327 0.045674
1  0.386964 0.859192 0.064904 0.038463
1  0.260760 0.833954 0.081730 0.045674
1  0.388165 0.820734 0.076924 0.048078
1  0.267972 0.789482 0.072114 0.043271
1  0.403791 0.772656 0.093750 0.052885
1  0.269174 0.742608 0.088944 0.040862

