10  0.756685 0.043833 0.103364 0.103366
9  0.346829 0.635180 0.211540 0.209136
9  0.362453 0.551045 0.204326 0.209136
9  0.411733 0.507776 0.201923 0.199518
9  0.453800 0.462103 0.209135 0.199520
9  0.536732 0.203689 0.221155 0.206732
10  0.851637 0.254170 0.091345 0.086538
10  0.904521 0.420036 0.086537 0.100962
10  0.819184 0.798642 0.103366 0.103366
10  0.891300 0.874363 0.098559 0.100962
10  0.868464 0.822679 0.091345 0.093750
10  0.653320 0.957296 0.112981 0.093750
10  0.035531 0.462103 0.103366 0.117787
10  0.819184 0.220516 0.088942 0.091346

