1  0.912507 0.463296 0.132212 0.076923
1  0.924532 0.423630 0.127409 0.074523
1  0.938951 0.382764 0.127391 0.079323
1  0.952169 0.328678 0.129809 0.081723
1  0.965395 0.278198 0.122604 0.081733
1  0.988228 0.240937 0.105760 0.074523
1  0.989429 0.706079 0.122603 0.081733
1  0.971400 0.756564 0.125006 0.081733
1  0.961793 0.809450 0.129809 0.081733
1  0.949767 0.859925 0.139417 0.081733
1  0.937742 0.906805 0.129809 0.074523
1  0.932939 0.956086 0.139416 0.081733
7  0.923323 0.684446 0.538452 0.990379
1  0.896880 0.508967 0.134613 0.086532
1  0.889667 0.552233 0.120186 0.072114
1  0.876448 0.595504 0.127409 0.076923
1  0.862021 0.643580 0.127407 0.076922
1  0.654097 0.465701 0.105775 0.072113
1  0.640872 0.499353 0.098570 0.076922
1  0.632465 0.540214 0.110579 0.081733
1  0.615637 0.575071 0.105776 0.069714
1  0.600009 0.611133 0.088931 0.055285
1  0.600009 0.653194 0.112981 0.072114
1  0.580770 0.694065 0.093751 0.067304
1  0.573557 0.733727 0.112981 0.074513
1  0.560339 0.767378 0.100956 0.074523
1  0.542317 0.841902 0.103374 0.074523
1  0.527891 0.881563 0.108178 0.072113
1  0.519484 0.923629 0.115382 0.069714
1  0.508661 0.962090 0.103374 0.074523
7  0.560347 0.565457 0.519238 0.983180
1  0.780288 0.982524 0.112981 0.067314
1  0.780296 0.941657 0.132211 0.067314
1  0.795924 0.897187 0.125006 0.079323
1  0.805539 0.851516 0.120186 0.074513
1  0.828380 0.768578 0.132211 0.076923
1  0.840397 0.725312 0.117784 0.072124
1  0.856017 0.688055 0.105760 0.074523
1  0.667315 0.426030 0.093751 0.064904
1  0.691349 0.344302 0.098554 0.060094
1  0.708186 0.308245 0.117784 0.069713
1  0.717793 0.264979 0.103374 0.069714
1  0.381253 0.964495 0.112981 0.074513
1  0.408897 0.882768 0.096153 0.064904
1  0.422123 0.844301 0.103357 0.074523
1  0.426935 0.802235 0.112981 0.072124
1  0.434140 0.767378 0.108177 0.064904
1  0.446166 0.721708 0.117784 0.079333
1  0.466597 0.679641 0.105775 0.048075
1  0.476212 0.643580 0.105759 0.062504
1  0.484626 0.602718 0.112981 0.067314
1  0.503849 0.565457 0.098554 0.064904
1  0.513472 0.516176 0.103358 0.057695
1  0.525489 0.481319 0.103374 0.060094
1  0.537506 0.444063 0.108161 0.067314
1  0.549523 0.397187 0.112981 0.074513
1  0.562749 0.358726 0.110579 0.074523
1  0.574766 0.317860 0.110563 0.079323
1  0.589193 0.274594 0.105759 0.064904
1  0.601210 0.238532 0.100972 0.060094
1  0.610825 0.190456 0.110563 0.060094
1  0.625244 0.153194 0.110579 0.067304
1  0.638470 0.114733 0.103374 0.057695
1  0.753853 0.144785 0.108177 0.064904
1  0.740626 0.182047 0.110579 0.072114
1  0.734622 0.226513 0.117784 0.069713
1  0.394479 0.933248 0.100972 0.060094
7  0.244238 0.492139 0.439914 0.923075
1  0.170919 0.908006 0.105776 0.067304
1  0.288703 0.065453 0.115383 0.064904
1  0.269480 0.105124 0.139417 0.081733
1  0.406496 0.088296 0.100956 0.057695
1  0.395679 0.124352 0.098570 0.062494
1  0.388466 0.161609 0.103358 0.060094
1  0.372838 0.196466 0.096152 0.062494
1  0.364432 0.234927 0.098554 0.062504
1  0.350005 0.270984 0.088946 0.052885
1  0.316356 0.371944 0.084127 0.052885
1  0.305540 0.408007 0.086545 0.062494
1  0.283899 0.482524 0.081725 0.052885
1  0.274284 0.519786 0.086546 0.050475
1  0.268280 0.554643 0.093751 0.057695
1  0.255054 0.590694 0.086545 0.052885
1  0.222605 0.692860 0.088931 0.060094
1  0.209380 0.730122 0.086528 0.062505
1  0.204568 0.768583 0.091348 0.057695
1  0.190157 0.801035 0.091348 0.064904
1  0.185338 0.838292 0.096152 0.062504
1  0.179333 0.875554 0.093750 0.060094

