1  0.775155 0.356014 0.043271 0.081731
1  0.688617 0.333178 0.048082 0.098556
1  0.647748 0.336783 0.038460 0.081731
1  0.611693 0.325967 0.038467 0.088944
1  0.532364 0.317552 0.043271 0.081731
1  0.491503 0.312745 0.043271 0.081731
1  0.443424 0.312745 0.043264 0.100962
1  0.401358 0.300727 0.031247 0.091346
1  0.359291 0.288708 0.052886 0.105769
1  0.289577 0.282698 0.052886 0.098560
1  0.237896 0.283901 0.040869 0.096154
1  0.197027 0.280294 0.045673 0.103367
1  0.086455 0.310341 0.036058 0.076923
1  0.733089 0.342794 0.040862 0.098556
1  0.844866 0.365631 0.043264 0.076923
1  0.900153 0.354813 0.057690 0.103363
1  0.034770 0.442554 0.052886 0.105769
1  0.074430 0.436544 0.055288 0.103363
1  0.128521 0.432939 0.076927 0.115384
1  0.187415 0.416112 0.040862 0.100961
1  0.342459 0.423322 0.043271 0.091346
1  0.398952 0.417313 0.031254 0.069713
1  0.480683 0.441352 0.060091 0.103363
1  0.519143 0.441352 0.050484 0.093748
1  0.573230 0.461783 0.057690 0.100962
1  0.620107 0.443755 0.040869 0.069709
1  0.651354 0.462986 0.064903 0.108171
1  0.705445 0.466591 0.057690 0.091346
1  0.747511 0.472601 0.031247 0.088941
1  0.788373 0.466591 0.045673 0.091346
1  0.609288 0.005055 0.057690 0.105769
1  0.657366 0.006255 0.052879 0.084137
1  0.700634 0.020679 0.057690 0.098556
1  0.740298 0.019476 0.064903 0.100962
1  0.787172 0.033899 0.067305 0.110577
1  0.830443 0.032698 0.057697 0.103363
1  0.876116 0.042313 0.048075 0.108175
1  0.965060 0.039909 0.062501 0.098556
1  0.849673 0.819956 0.057697 0.115385
1  0.747511 0.807937 0.045673 0.110577
1  0.682605 0.788708 0.040862 0.125000
1  0.639337 0.791110 0.050477 0.115385
1  0.528762 0.776689 0.045673 0.129808
1  0.478277 0.768274 0.045673 0.127406
1  0.419387 0.762264 0.043271 0.125000
1  0.374915 0.745437 0.064903 0.139423
1  0.377317 0.574764 0.026443 0.057692
1  0.330443 0.593994 0.028845 0.067308
1  0.278761 0.750244 0.036058 0.120192
1  0.169386 0.763467 0.052886 0.122594
1  0.047991 0.793514 0.060099 0.100962
1  0.802799 0.801928 0.064903 0.137021
1  0.898949 0.818755 0.045673 0.137017
1  0.963855 0.815148 0.060091 0.134615

