10  0.472613 0.332705 0.098561 0.072115
10  0.521891 0.519003 0.091345 0.069714
10  0.547133 0.467321 0.103366 0.072115
10  0.566365 0.414436 0.103366 0.072118
10  0.627661 0.267800 0.110577 0.076924
0  0.886076 0.872369 0.189902 0.228366
10  0.347613 0.282225 0.074520 0.086538
10  0.515883 0.226936 0.098557 0.076923
10  0.607228 0.311071 0.093752 0.062501
10  0.488236 0.616359 0.105768 0.081732
10  0.595208 0.357945 0.112979 0.079328
10  0.508672 0.275014 0.098557 0.072115
10  0.452180 0.406022 0.091345 0.069710

