7  0.522731 0.069363 0.480769 0.372592
1  0.998693 0.932343 0.076926 0.060100
1  0.977056 0.898687 0.091346 0.074518
1  0.926575 0.839795 0.086542 0.067305
1  0.898932 0.600613 0.088938 0.069704
1  0.909749 0.800132 0.086536 0.069712
1  0.884511 0.765276 0.084133 0.072119
1  0.991480 0.743644 0.081731 0.072119
1  0.967440 0.708784 0.086542 0.074519
1  0.942203 0.673928 0.088944 0.076925
1  0.861673 0.723207 0.072115 0.060099
1  0.840036 0.695564 0.081731 0.067305
1  0.916962 0.639072 0.086536 0.074519
1  0.872490 0.566961 0.088944 0.074519
1  0.794366 0.625852 0.081731 0.067305
1  0.849652 0.533304 0.081731 0.069712
1  0.826817 0.499652 0.084133 0.069712
1  0.753500 0.563354 0.076926 0.057692
1  0.728257 0.529701 0.084133 0.067305
1  0.973449 0.255660 0.122596 0.091344
1  0.466238 0.586190 0.112980 0.088938
1  0.594847 0.033304 0.086541 0.112985
1  0.635712 0.000855 0.091346 0.110578
1  0.300374 0.509268 0.055286 0.064906
1  0.378499 0.456382 0.100962 0.079332
1  0.408550 0.498448 0.112980 0.091345
1  0.439797 0.539314 0.098560 0.076918
1  0.359270 0.597010 0.048079 0.062499
1  0.496287 0.630663 0.110578 0.086538
1  0.504701 0.078980 0.093749 0.112978
1  0.437394 0.729217 0.060097 0.067305
1  0.543164 0.723211 0.112980 0.088945
1  0.567204 0.768883 0.103365 0.084132
1  0.486671 0.813352 0.076920 0.100965
1  0.603258 0.809745 0.122596 0.093752
1  0.632105 0.854222 0.122596 0.091345
1  0.658547 0.898691 0.127407 0.093752
1  0.701818 0.981622 0.127401 0.100965
1  0.553981 0.059747 0.096152 0.117791
1  0.457827 0.106623 0.081731 0.105772
1  0.414556 0.131862 0.086541 0.108171
1  0.322008 0.193161 0.084139 0.115385
1  0.372489 0.167922 0.088944 0.112985

