0  0.586248 0.313831 0.112982 0.108170
0  0.701634 0.346279 0.117790 0.110582
0  0.826634 0.371520 0.112982 0.112975
0  0.949231 0.394358 0.112983 0.096147
0  0.224471 0.216477 0.100955 0.081733
0  0.461239 0.276568 0.084138 0.086538
0  0.125911 0.197243 0.096165 0.096157
0  0.041773 0.175611 0.091340 0.096157
0  0.573023 0.079453 0.091358 0.076918
0  0.667973 0.105895 0.093752 0.096147
0  0.764130 0.127532 0.079330 0.100962
0  0.428793 0.049408 0.096165 0.088941
0  0.903553 0.162388 0.098542 0.098560
0  0.345862 0.247724 0.093752 0.091353

