1  0.697257 0.953248 0.052886 0.120193
1  0.638364 0.958056 0.045675 0.115383
1  0.589087 0.968872 0.048077 0.117789
1  0.530190 0.980893 0.045675 0.112980
1  0.478504 0.982094 0.048076 0.115383
1  0.811438 0.943633 0.036056 0.105770
1  0.079470 0.941229 0.100963 0.043271
1  0.753749 0.956853 0.050478 0.122596
1  0.916007 0.928008 0.052886 0.117789
1  0.961678 0.913585 0.033654 0.093751
1  0.044611 0.902766 0.064907 0.033655
1  0.042210 0.863104 0.093752 0.040864
1  0.025382 0.782575 0.069717 0.033651
1  0.032594 0.738105 0.074520 0.040864
1  0.027787 0.702047 0.093752 0.036058
1  0.016971 0.659978 0.062499 0.033655
1  0.009756 0.619114 0.076928 0.038461
1  0.006150 0.581853 0.093745 0.045674
1  0.001341 0.544595 0.088942 0.033655
7  0.527785 0.967672 1.310095 0.326923
7  0.389566 0.503729 0.317304 0.485576
7  0.846296 0.379930 0.312501 0.540866
1  0.903989 0.289786 0.105766 0.048077
1  0.307831 0.431612 0.086541 0.038461
1  0.299423 0.382335 0.108174 0.050480
1  0.295814 0.324642 0.124998 0.055286
1  0.885958 0.150363 0.098562 0.052887
1  0.884757 0.197238 0.086541 0.036058
1  0.897979 0.245315 0.112984 0.055290
1  0.912401 0.339065 0.103365 0.045674
1  0.329468 0.542190 0.100956 0.043271
1  0.918411 0.399161 0.125005 0.050480
1  0.929228 0.456854 0.117793 0.055286
1  0.795815 0.527768 0.110582 0.052883
1  0.800621 0.578248 0.081731 0.043271
1  0.783794 0.434017 0.105766 0.043271
1  0.772978 0.331855 0.098554 0.050480
1  0.757354 0.278970 0.105773 0.055290
1  0.317447 0.489307 0.105773 0.048077
1  0.361922 0.851086 0.122596 0.050480
1  0.436442 0.301805 0.093752 0.048077
1  0.443653 0.361901 0.108174 0.052883
1  0.359517 0.795796 0.117787 0.050480
1  0.442449 0.417191 0.100963 0.048077
1  0.460476 0.473679 0.098554 0.045674
1  0.460476 0.522960 0.098554 0.043267
1  0.470092 0.584258 0.117786 0.045670
1  0.473698 0.634740 0.105773 0.045674
1  0.347496 0.698440 0.127406 0.052883
1  0.354707 0.748921 0.112984 0.048077
1  0.754950 0.233296 0.110583 0.050484
1  0.739327 0.168392 0.103364 0.050480

