2  0.483651 0.370535 0.177886 0.182688
2  0.827398 0.047217 0.144232 0.156255
2  0.588216 0.179428 0.122593 0.127400
2  0.992063 0.067647 0.060101 0.062502
2  0.767303 0.235918 0.115381 0.115388
2  0.952402 0.279187 0.139423 0.144230
2  0.798553 0.410197 0.100967 0.098558
2  0.911535 0.410197 0.067307 0.069716
2  0.980045 0.422216 0.069712 0.069716
2  0.895907 0.484715 0.064903 0.069709
2  0.971630 0.499139 0.052882 0.060093
2  0.631486 0.542409 0.137019 0.137022
2  0.960814 0.607310 0.084131 0.088942

