1  0.490250 0.467444 0.064903 0.057693
1  0.408519 0.535953 0.074522 0.060094
7  0.668133 0.843645 0.718749 0.906249
1  0.635683 0.195809 0.091346 0.067308
1  0.791933 0.824414 0.110578 0.088941
1  0.819576 0.447011 0.088940 0.060097
1  0.877270 0.627298 0.079328 0.064903
1  0.775104 0.493886 0.067309 0.057693
1  0.740250 0.582828 0.108175 0.086539
1  0.677749 0.665761 0.084134 0.074519
1  0.824384 0.745088 0.098555 0.064903
1  0.632077 0.758308 0.098559 0.072114
1  0.562365 0.836434 0.069709 0.055288
1  0.551548 0.876098 0.096156 0.076923
1  0.332797 0.683790 0.110578 0.081732
1  0.371260 0.644126 0.134615 0.098559
1  0.389288 0.598453 0.108171 0.088941
7  0.370058 0.586433 0.665865 0.944710

