11  0.911639 0.656634 0.076922 0.182696
11  0.382791 0.642218 0.067318 0.187506
11  0.441686 0.641015 0.060107 0.185101
11  0.499378 0.645826 0.060093 0.189912
11  0.559470 0.650629 0.060092 0.189896
11  0.617169 0.650629 0.064909 0.194706
11  0.673656 0.651832 0.072119 0.197112
11  0.734953 0.653034 0.064894 0.194706
11  0.789038 0.650629 0.072120 0.194706
11  0.853948 0.653034 0.067303 0.185085
11  0.184473 0.404239 0.060107 0.192301
11  0.240960 0.406644 0.062501 0.197112
11  0.301060 0.411447 0.067303 0.197128
11  0.356343 0.410244 0.062501 0.194722
11  0.415246 0.411447 0.060093 0.192317
11  0.474141 0.417453 0.067303 0.194706
11  0.536634 0.419858 0.062501 0.189896
11  0.597931 0.418655 0.064909 0.192301
11  0.653221 0.422263 0.064909 0.189896
11  0.712117 0.419858 0.072119 0.189896
11  0.325100 0.639813 0.067303 0.192317
11  0.262599 0.636205 0.067303 0.194722
11  0.203703 0.632604 0.064909 0.197112
11  0.124374 0.401834 0.060092 0.197112
11  0.028228 0.627794 0.060092 0.192301
11  0.084708 0.631402 0.062501 0.189896
11  0.144815 0.633799 0.062501 0.189911
11  0.005385 0.405442 0.072119 0.194707
11  0.069090 0.404239 0.055290 0.197112
11  0.767407 0.422263 0.076937 0.194706
11  0.823901 0.425871 0.069712 0.197112
11  0.886395 0.428277 0.064909 0.192301
11  0.975344 0.659040 0.074513 0.182696
11  0.944093 0.434282 0.064909 0.189911

