1  0.053470 0.406192 0.141827 0.055285
1  0.213322 0.408599 0.153848 0.064903
1  0.361159 0.406197 0.146633 0.060098
1  0.646018 0.384564 0.115388 0.050481
1  0.773420 0.360525 0.149042 0.103364
1  0.938081 0.180234 0.156251 0.281256
7  0.244573 0.766773 0.048079 0.478366
1  0.160441 0.978309 0.144230 0.045668
1  0.329911 0.983118 0.112985 0.040872
1  0.154430 0.944657 0.146639 0.045677
1  0.162843 0.902588 0.134618 0.038461
1  0.164045 0.861725 0.132215 0.038462
1  0.167653 0.823264 0.125000 0.038461
1  0.170056 0.784802 0.120194 0.043266
1  0.182074 0.737925 0.091352 0.040863
1  0.174865 0.697062 0.105769 0.045668
1  0.179671 0.653792 0.100964 0.040872
1  0.319095 0.939848 0.115381 0.045668
1  0.303469 0.895377 0.103367 0.043275
1  0.332314 0.852112 0.146640 0.052883
1  0.314285 0.810039 0.120194 0.045677
1  0.319095 0.716292 0.110575 0.045676
1  0.329911 0.671817 0.137014 0.052883
1  0.338325 0.615331 0.149035 0.050481
1  0.313084 0.569659 0.122596 0.040863
1  0.178469 0.573262 0.098561 0.038462
1  0.629190 0.806435 0.153848 0.067314
1  0.571500 0.918215 0.086539 0.146638
1  0.755391 0.769175 0.146640 0.165873
1  0.792650 0.912206 0.144237 0.062500
1  0.789042 0.965088 0.141827 0.057696

