1  0.017801 0.611541 0.185098 0.103365
1  0.046647 0.692070 0.185098 0.105768
1  0.065878 0.760580 0.180286 0.108171
1  0.091119 0.832694 0.173076 0.108171
1  0.853137 0.408415 0.091348 0.153844
1  0.904819 0.389185 0.079326 0.139422
1  0.966118 0.372356 0.091345 0.139422
1  0.726935 0.451685 0.084135 0.120195
1  0.791839 0.427645 0.084132 0.144228
1  0.420444 0.564665 0.096154 0.134616
1  0.170446 0.985339 0.225960 0.129811
1  0.133185 0.901203 0.218750 0.134612
1  0.481744 0.540627 0.084132 0.134617
1  0.976936 0.561060 0.098555 0.156251
1  0.668041 0.474522 0.086536 0.132209
1  0.472128 0.726926 0.098555 0.151441
1  0.597128 0.690866 0.103364 0.161057
1  0.726936 0.646395 0.098558 0.158654
1  0.790637 0.619954 0.091345 0.129811
1  0.859148 0.610338 0.084135 0.129811
1  0.916840 0.588703 0.098559 0.158654
7  0.815879 0.518991 0.872597 0.596154
1  0.719724 0.044234 0.060097 0.117787
1  0.317080 0.174040 0.086536 0.141825
1  0.374771 0.154810 0.086540 0.127403
1  0.431262 0.133175 0.079326 0.117792
1  0.491358 0.115144 0.074521 0.125000
1  0.551456 0.099521 0.074521 0.127403
1  0.612752 0.088703 0.096154 0.149038
1  0.662031 0.051443 0.074518 0.112981
1  0.773811 0.023800 0.100960 0.144228
1  0.361552 0.004570 0.064903 0.105768
1  0.311070 0.005772 0.079326 0.127403
1  0.258186 0.031011 0.084135 0.129806

