1  0.920373 0.975071 0.064905 0.134615
1  0.980469 0.987090 0.060096 0.129805
1  0.091046 0.936610 0.098563 0.158654
1  0.193207 0.989495 0.081734 0.129810
7  0.675179 0.323629 0.757210 0.456734
7  0.484071 0.689014 0.658655 0.451924
1  0.014120 0.017139 0.060096 0.098559
1  0.319410 0.561611 0.069713 0.115386
1  0.373496 0.565214 0.072117 0.117788
1  0.417965 0.591658 0.064905 0.112979
1  0.464846 0.608485 0.072117 0.127403
1  0.511720 0.630119 0.069713 0.117788
1  0.562199 0.646946 0.069713 0.112983
1  0.367485 0.722670 0.079330 0.125000
1  0.321814 0.702234 0.069713 0.108174
1  0.273739 0.689014 0.069713 0.120191
1  0.095854 0.065217 0.055288 0.079330
1  0.059791 0.158966 0.060096 0.093754
1  0.141525 0.070024 0.064905 0.098554
1  0.181186 0.082042 0.057692 0.093749
1  0.222057 0.101273 0.062500 0.103364
1  0.264122 0.115695 0.064905 0.093749
1  0.008114 0.597669 0.081725 0.139425
1  0.511720 0.783966 0.074521 0.122598
1  0.654748 0.683005 0.076917 0.122598
1  0.753307 0.716656 0.076926 0.117788
1  0.485273 0.332045 0.074521 0.117788
1  0.446815 0.306805 0.064905 0.100961
1  0.399942 0.291177 0.067309 0.112979
1  0.330229 0.274350 0.072117 0.112979
1  0.611476 0.372909 0.072117 0.112979
1  0.528545 0.333244 0.069704 0.110576
1  0.487678 0.192620 0.064905 0.103364
1  0.803786 0.732282 0.067309 0.115386
1  0.760519 0.858486 0.067309 0.112979
1  0.711238 0.839254 0.069705 0.112983
1  0.657148 0.827237 0.072117 0.117788
1  0.609072 0.810408 0.072117 0.112979
1  0.559795 0.792380 0.064905 0.110576
1  0.612679 0.234687 0.069713 0.110581
1  0.911958 0.481082 0.057692 0.093749
1  0.875904 0.461850 0.067309 0.103364
1  0.833834 0.442621 0.074513 0.112983
1  0.875903 0.332043 0.076926 0.112979
1  0.797776 0.281562 0.074521 0.112978
1  0.744892 0.418580 0.069713 0.108174
1  0.702823 0.268341 0.072109 0.115386
1  0.655946 0.258724 0.069713 0.110576
1  0.056189 0.036371 0.062492 0.108174

