9  0.144476 0.989414 0.298076 0.209133
9  0.590387 0.512250 0.233173 0.153848
9  0.093995 0.124029 0.197114 0.127403
9  0.029092 0.378837 0.225963 0.146638
9  0.085579 0.609606 0.237980 0.151440
9  0.051928 0.764655 0.185097 0.235575
9  0.120436 0.800712 0.173081 0.235575
9  0.798321 0.597587 0.230770 0.146634
9  0.603608 0.989415 0.168269 0.223558
9  0.448561 0.959366 0.180286 0.225963
10  0.182937 0.292299 0.124996 0.108172
10  0.447360 0.426915 0.110580 0.060094
10  0.875245 0.972587 0.067307 0.112978
9  0.517070 0.987011 0.177883 0.228368
10  0.095197 0.316338 0.117786 0.084135
9  0.472601 0.567539 0.233173 0.149039
9  0.750245 0.678117 0.394232 0.197116
9  0.935340 0.437733 0.288463 0.158654
9  0.603610 0.322346 0.288459 0.173076
9  0.298319 0.205760 0.235576 0.151443
9  0.184138 0.831962 0.161055 0.230769
9  0.250243 0.858404 0.158652 0.235578
9  0.321157 0.889653 0.170673 0.240384
9  0.387263 0.928117 0.163463 0.230769

