0  0.018148 0.846847 0.129812 0.122592
0  0.085450 0.999490 0.125000 0.120190
0  0.182809 0.872086 0.127406 0.139424
0  0.388340 0.850450 0.206740 0.201929
0  0.191220 0.994682 0.125000 0.115377
0  0.315022 0.985065 0.117792 0.100964
0  0.446033 0.952615 0.125000 0.117788
0  0.574637 0.977854 0.122604 0.110581
0  0.702043 0.959826 0.117791 0.151442
0  0.664782 0.831220 0.144229 0.173079
0  0.819829 0.412950 0.305280 0.298072
0  0.632329 0.422562 0.310093 0.326923
0  0.454444 0.485068 0.257218 0.240380
0  0.095070 0.423768 0.740384 0.685099
0  0.777761 0.832421 0.139416 0.161051
0  0.824636 0.961027 0.132208 0.144236
0  0.940021 0.983864 0.127396 0.132209
0  0.893146 0.822805 0.129812 0.132209
0  0.990500 0.805981 0.137020 0.151443

