10  0.682386 0.014604 0.062499 0.036058
10  0.693203 0.067488 0.084133 0.045676
10  0.009309 0.866767 0.086537 0.038461
10  0.018924 0.910036 0.081732 0.043268
10  0.149935 0.900420 0.093749 0.038461
10  0.015320 0.954506 0.093749 0.045673
10  0.158346 0.943689 0.100962 0.048078
10  0.154742 0.989363 0.088945 0.048075
10  0.369886 0.283834 0.086537 0.045673
10  0.304982 0.607152 0.086537 0.048075
10  0.395126 0.598739 0.084133 0.045673
10  0.398732 0.553066 0.081729 0.045673
10  0.291761 0.563883 0.079328 0.043268
10  0.294164 0.513401 0.084133 0.048075
10  0.390319 0.460518 0.088945 0.048078
10  0.280945 0.467729 0.096154 0.048075
10  0.381905 0.417247 0.081733 0.048078
10  0.280943 0.423258 0.076924 0.040866
10  0.377098 0.372777 0.091346 0.045673
10  0.282147 0.377584 0.093749 0.050483
10  0.375896 0.324699 0.093750 0.050483
10  0.266520 0.330709 0.096154 0.043268
10  0.268924 0.287440 0.086537 0.038461
10  0.361472 0.238161 0.093749 0.050483
10  0.735269 0.563883 0.062500 0.038463
10  0.736473 0.610758 0.079325 0.045673
10  0.738875 0.521815 0.069712 0.045673
10  0.728059 0.477344 0.086537 0.043268
10  0.723250 0.429267 0.086537 0.048078
10  0.724453 0.381190 0.088941 0.048075
10  0.713636 0.336720 0.067308 0.040866
10  0.708829 0.294652 0.086537 0.043270
10  0.701617 0.247775 0.086537 0.045673
10  0.700415 0.198498 0.069708 0.038463
10  0.695607 0.155229 0.088941 0.048075
10  0.696809 0.110759 0.091345 0.040866
10  0.399934 0.644411 0.079325 0.045673
10  0.304982 0.657632 0.072113 0.043271
10  0.303780 0.702103 0.088941 0.040863
10  0.409548 0.691287 0.079328 0.043268
10  0.438396 0.966525 0.079325 0.045673
10  0.336232 0.968931 0.096154 0.050483
10  0.429982 0.917248 0.081729 0.043268
10  0.327818 0.928065 0.093749 0.045673
10  0.429982 0.875180 0.086537 0.050483
10  0.329020 0.882391 0.081729 0.040866
10  0.319405 0.840324 0.096157 0.043268
10  0.417963 0.829507 0.091349 0.040863
10  0.411954 0.786238 0.093750 0.045676
10  0.409550 0.740565 0.088941 0.050480
10  0.314599 0.789844 0.096154 0.043268
10  0.319405 0.742969 0.086541 0.050483
10  0.082627 0.258594 0.103366 0.048075
10  0.265318 0.245372 0.079325 0.050480
10  0.003299 0.732151 0.098558 0.052885
10  0.009309 0.777823 0.096154 0.052885
10  0.121089 0.581910 0.098557 0.040866
10  0.121088 0.632392 0.079328 0.045673
10  0.130702 0.670852 0.088941 0.045673
10  0.133108 0.717729 0.074520 0.038461
10  0.139117 0.762199 0.076921 0.040866
10  0.134309 0.805470 0.100962 0.050480
10  0.012916 0.822295 0.108174 0.045673
10  0.146329 0.853546 0.096154 0.050483
10  0.092240 0.307873 0.098558 0.050483
10  0.099453 0.358353 0.088941 0.045673
10  0.099453 0.398017 0.093749 0.048075
10  0.101857 0.442487 0.079325 0.040866
10  0.109069 0.482152 0.093749 0.043268
10  0.111473 0.533834 0.103366 0.045673

