9  0.086485 0.036027 0.100963 0.084135
9  0.931441 0.616553 0.088945 0.091344
9  0.941054 0.585305 0.088938 0.096158
9  0.951871 0.548046 0.086538 0.093751
9  0.951875 0.501170 0.091346 0.096158
9  0.948267 0.453094 0.088945 0.096152
9  0.950671 0.412227 0.093754 0.100959
9  0.957880 0.376168 0.093754 0.096151
9  0.953075 0.325688 0.098562 0.096151
9  0.959080 0.289632 0.096154 0.096151
9  0.956679 0.247562 0.096154 0.093751
9  0.961488 0.210305 0.096154 0.091350
9  0.389370 0.677852 0.076921 0.103367
9  0.344901 0.683860 0.079322 0.105767
9  0.409804 0.590113 0.084137 0.105774
9  0.348506 0.618960 0.076928 0.100959
9  0.933841 0.665836 0.079328 0.084135
9  0.814852 0.822083 0.091346 0.103367
9  0.758362 0.900209 0.093754 0.100966
9  0.730716 0.819679 0.091346 0.098559
9  0.760766 0.812467 0.093746 0.103367
9  0.805235 0.905017 0.081729 0.091350
9  0.841295 0.902613 0.086544 0.100959
9  0.888168 0.908622 0.084137 0.088943
9  0.944658 0.918237 0.081729 0.079327
9  0.868938 0.835306 0.088945 0.096151
9  0.889369 0.811267 0.096154 0.096151
9  0.974710 0.902613 0.093746 0.096158
9  0.933841 0.807662 0.088946 0.098559
9  0.925432 0.752371 0.091346 0.098552
9  0.935042 0.717516 0.091346 0.096152
9  0.115332 0.151410 0.096154 0.088936
9  0.103315 0.221121 0.096154 0.093751
9  0.014370 0.182662 0.096154 0.088943
9  0.098507 0.263189 0.096154 0.086542
9  0.444660 0.876170 0.086545 0.100966
9  0.483124 0.876170 0.086538 0.100966
9  0.533602 0.885786 0.086538 0.096151
9  0.574470 0.891794 0.086537 0.093751
9  0.614131 0.888190 0.088938 0.105774
9  0.656199 0.889393 0.091353 0.103367
9  0.701872 0.891794 0.091346 0.103367
9  0.361727 0.867754 0.084137 0.103367
9  0.091294 0.346124 0.100963 0.088943
9  0.097306 0.302853 0.098555 0.084128
9  0.013169 0.229534 0.093754 0.081728
9  0.402592 0.872562 0.079329 0.093751
9  0.318459 0.864150 0.084137 0.105774
9  0.277594 0.862946 0.088946 0.103367
9  0.139371 0.859342 0.100963 0.086542
9  0.193461 0.867754 0.098555 0.093751
9  0.236726 0.860546 0.088945 0.103367
9  0.414613 0.527614 0.074520 0.096152
9  0.288411 0.646604 0.076928 0.103367
9  0.353314 0.555257 0.076928 0.098559
9  0.419421 0.460306 0.084137 0.100959
9  0.269181 0.081699 0.072119 0.098552
9  0.279995 0.005976 0.079328 0.100959
9  0.331680 0.051651 0.081729 0.105767
9  0.267977 0.141795 0.069712 0.093751
9  0.308845 0.379776 0.079329 0.103367
9  0.294420 0.579293 0.074513 0.103367
9  0.359327 0.490354 0.074520 0.098559
9  0.418218 0.401411 0.076928 0.098559
9  0.373745 0.412227 0.074520 0.096158
9  0.301633 0.507178 0.074520 0.098559
9  0.245142 0.588909 0.067311 0.084135
9  0.430238 0.324488 0.072119 0.093751
9  0.246343 0.531218 0.079328 0.103360
9  0.310046 0.441075 0.076928 0.100959
9  0.373745 0.344920 0.084137 0.105767
9  0.439852 0.246361 0.081729 0.105767
9  0.243938 0.474727 0.074520 0.100966
9  0.372544 0.292036 0.076921 0.096158
9  0.391774 0.020400 0.081729 0.096158
9  0.431439 0.197085 0.084137 0.108175
9  0.247546 0.411024 0.076920 0.103367
9  0.313653 0.313672 0.079329 0.105767
9  0.378553 0.219921 0.084137 0.105767
9  0.252351 0.342516 0.081729 0.100959
9  0.314854 0.248765 0.072112 0.096158
9  0.383365 0.153814 0.079329 0.098559
9  0.261968 0.270401 0.072112 0.091350
9  0.320863 0.182658 0.079329 0.103367
9  0.388170 0.086507 0.084137 0.108167
9  0.261968 0.205498 0.076928 0.105767
9  0.326871 0.112947 0.076928 0.103367
9  0.864130 0.046843 0.079328 0.105767
9  0.581679 0.662228 0.076921 0.100966
9  0.638169 0.639389 0.079329 0.103367
9  0.705480 0.545638 0.079328 0.093751
9  0.648986 0.569681 0.076928 0.098559
9  0.713893 0.474727 0.076921 0.096152
9  0.715093 0.413431 0.079322 0.103367
9  0.644178 0.513190 0.072112 0.081735
9  0.569662 0.088911 0.076921 0.103360
9  0.623747 0.070879 0.074520 0.100959
9  0.579275 0.609345 0.076928 0.100959
9  0.605718 0.332900 0.076928 0.105774
9  0.592496 0.532418 0.074520 0.100959
9  0.528793 0.626169 0.076921 0.100959
9  0.656199 0.441075 0.076921 0.096158
9  0.713889 0.355740 0.072112 0.088943
9  0.662208 0.372564 0.084137 0.103360
9  0.594901 0.468719 0.079329 0.103367
9  0.533602 0.560065 0.076921 0.098559
9  0.534802 0.502374 0.074520 0.103367
9  0.599709 0.405015 0.079329 0.105767
9  0.661008 0.311268 0.076920 0.100959
9  0.723506 0.219921 0.081729 0.105767
9  0.539614 0.430259 0.079328 0.108175
9  0.670624 0.235545 0.086537 0.103367
9  0.560045 0.162226 0.081736 0.105767
9  0.740332 0.135786 0.081729 0.105767
9  0.606918 0.271601 0.079329 0.103367
9  0.670621 0.177850 0.081729 0.103367
9  0.544423 0.367759 0.079329 0.103367
9  0.739132 0.080499 0.079329 0.105767
9  0.554036 0.289632 0.079321 0.105767
9  0.617739 0.198286 0.076921 0.100959
9  0.679037 0.108139 0.079328 0.103367
9  0.555236 0.227130 0.076921 0.105767
9  0.617739 0.133382 0.076921 0.100959
9  0.685046 0.042035 0.081729 0.100966

