1  0.166138 0.833821 0.108167 0.110570
1  0.186569 0.802573 0.062500 0.067304
1  0.204599 0.765312 0.055284 0.064906
1  0.249070 0.753287 0.110579 0.112980
1  0.283928 0.724449 0.137020 0.127402
1  0.401717 0.642717 0.170677 0.165874
14  0.243060 0.545364 0.141834 0.144234
14  0.429354 0.377093 0.163461 0.163464
1  0.618061 0.415559 0.204324 0.197116
1  0.655321 0.652332 0.134608 0.141825
1  0.513492 0.544160 0.062500 0.064906
1  0.791135 0.242473 0.112981 0.110570
14  0.804360 0.024923 0.096157 0.103365
1  0.116858 0.880696 0.100961 0.108173
1  0.086809 0.899932 0.093745 0.093751
1  0.062775 0.928777 0.098559 0.103365
14  0.038736 0.039351 0.146638 0.146632
1  0.027917 0.941994 0.072118 0.072111
1  0.021907 0.979254 0.108177 0.108172
14  0.598830 0.921565 0.093745 0.098558
14  0.774311 0.754493 0.112981 0.105775
14  0.942581 0.690798 0.103363 0.108173
1  0.780321 0.499688 0.134608 0.125005
1  0.905316 0.391515 0.086539 0.086546

