7  0.430002 0.860772 0.367789 1.531249
1  0.333848 0.934088 0.137020 0.048078
1  0.344667 0.878799 0.115382 0.052881
1  0.329041 0.819906 0.127408 0.040870
1  0.332646 0.771831 0.129811 0.045673
1  0.341060 0.716538 0.132209 0.045673
1  0.341060 0.667264 0.137015 0.043268
1  0.345868 0.565096 0.137020 0.040863
1  0.343463 0.458124 0.127403 0.043268
1  0.344667 0.405243 0.134617 0.038459
1  0.344667 0.355963 0.134617 0.040863
1  0.356685 0.304281 0.129806 0.048071
1  0.494907 0.912454 0.127403 0.048071
1  0.494907 0.854760 0.117790 0.048078
1  0.743704 0.488172 0.091345 0.137020
1  0.527357 0.151636 0.168271 0.050476
1  0.523752 0.220146 0.165868 0.052888
1  0.511732 0.390820 0.146633 0.043268
1  0.504522 0.442503 0.137020 0.040870
1  0.510532 0.494184 0.129806 0.043268
1  0.499713 0.543465 0.112984 0.045673
1  0.506928 0.595144 0.122596 0.043268
1  0.499713 0.644424 0.117790 0.045673
1  0.487695 0.697312 0.108172 0.045673
1  0.356685 0.251396 0.120193 0.048078
1  0.351879 0.200917 0.124999 0.038465
1  0.351876 0.150437 0.134617 0.048078
1  0.416779 0.075915 0.225962 0.062501

