0  0.364664 0.032167 0.125005 0.115388
0  0.347836 0.123514 0.115387 0.115388
0  0.264904 0.044187 0.127406 0.115383
0  0.435578 0.198034 0.117789 0.115383
0  0.512501 0.264138 0.098554 0.098557
0  0.523319 0.178802 0.120191 0.115383
0  0.606251 0.253321 0.117789 0.115388
0  0.689184 0.329041 0.120191 0.112981
0  0.677165 0.417985 0.129808 0.127405
0  0.770913 0.399956 0.115382 0.115383
0  0.792547 0.123514 0.120191 0.115388
0  0.959616 0.271350 0.122598 0.122597
0  0.041345 0.976880 0.108171 0.105767
0  0.312980 0.494908 0.127406 0.127405
0  0.227646 0.422791 0.120191 0.112981
0  0.083414 0.187217 0.120196 0.122597
0  0.160337 0.255725 0.100961 0.100963
0  0.242066 0.329044 0.096152 0.098557
0  0.323798 0.402360 0.096152 0.091343
0  0.406731 0.474475 0.098554 0.096155
0  0.488463 0.555004 0.108171 0.108169
0  0.476443 0.643947 0.132209 0.127405
0  0.642309 0.723275 0.084133 0.050482

