0  0.922362 0.329146 0.165870 0.168276
0  0.743279 0.330352 0.158653 0.165864
0  0.568997 0.329146 0.161058 0.173078
0  0.392315 0.330347 0.168266 0.175479
0  0.210826 0.323138 0.165861 0.161062
0  0.034144 0.329146 0.163464 0.177881
0  0.651933 0.882033 0.163464 0.168266
0  0.023322 0.767850 0.165860 0.175480
0  0.121881 0.415686 0.151435 0.163463
0  0.298563 0.413279 0.153851 0.173078
0  0.476448 0.420493 0.158653 0.168275
0  0.655532 0.424100 0.161059 0.165864
0  0.831016 0.425300 0.161058 0.149036

