10  0.548155 0.004320 0.103365 0.088943
9  0.782530 0.078838 0.216345 0.127404
10  0.330607 0.123310 0.100961 0.129808
10  0.382290 0.148550 0.084134 0.103365
10  0.426761 0.168983 0.105768 0.139422
10  0.494068 0.181003 0.096155 0.120192
10  0.537337 0.217060 0.105770 0.129808
10  0.647914 0.263935 0.086538 0.141828
10  0.945992 0.158166 0.110577 0.074518
10  0.804165 0.334848 0.096153 0.105769
10  0.712818 0.286771 0.067307 0.115385
10  0.351039 0.414176 0.122595 0.100962
10  0.188780 0.339656 0.100961 0.105770
10  0.122674 0.285569 0.093750 0.060095
10  0.863059 0.896147 0.093749 0.093750

