9  0.643558 0.572228 0.185094 0.257210
9  0.010144 0.584245 0.192304 0.252401
9  0.236104 0.562613 0.201923 0.247597
9  0.328653 0.577034 0.194707 0.252401
9  0.498126 0.590255 0.192304 0.249999
9  0.567837 0.575833 0.197116 0.249999
9  0.720480 0.567419 0.189906 0.257210
9  0.810627 0.581841 0.187497 0.257210
9  0.881540 0.571024 0.189906 0.249999
9  0.964471 0.577034 0.187497 0.247597
9  0.320242 0.309006 0.182690 0.240382
9  0.065433 0.283766 0.197110 0.252401
9  0.147162 0.290976 0.201923 0.262019
9  0.242115 0.307805 0.180287 0.237980
9  0.554616 0.300592 0.185094 0.237984
9  0.881537 0.313812 0.170674 0.216347

