7  0.763849 0.509525 0.718753 2.002405
1  0.510243 0.591255 0.177878 0.098557
1  0.992214 0.983083 0.334136 0.108171
1  0.575146 0.972266 0.326925 0.120193
1  0.530673 0.873708 0.156258 0.067306
1  0.965770 0.865294 0.242796 0.088943
1  0.605196 0.682602 0.242795 0.069711
1  0.992214 0.580438 0.286049 0.096153
1  0.535483 0.391737 0.156243 0.088939
1  0.701347 0.394139 0.146638 0.055288
1  0.959763 0.413371 0.240387 0.093751
1  0.626823 0.307601 0.218752 0.093751
1  0.962164 0.290774 0.274036 0.117789
1  0.642458 0.116497 0.182695 0.062498
1  0.679712 0.032361 0.165879 0.086538
1  0.951347 0.019142 0.271642 0.103366

