9  0.137305 0.398836 0.209136 0.120193
9  0.072402 0.978162 0.209136 0.129808
9  0.096439 0.717344 0.218750 0.122597
9  0.091633 0.582728 0.213941 0.137020
9  0.089229 0.519027 0.209132 0.129805
9  0.114468 0.461334 0.211540 0.134613
9  0.618074 0.124796 0.209136 0.139424
9  0.626488 0.200517 0.197116 0.137020
9  0.642113 0.332729 0.213945 0.137020
9  0.612066 0.418065 0.206731 0.139421
9  0.618074 0.550276 0.204326 0.139424
9  0.616873 0.625997 0.197116 0.132212
9  0.625287 0.693305 0.204326 0.132212
9  0.906536 0.118786 0.209136 0.132212
9  0.604854 0.843546 0.211537 0.129808
9  0.914950 0.188498 0.197116 0.127404
9  0.597642 0.919268 0.197113 0.122597
9  0.880093 0.987778 0.204326 0.129808
9  0.872882 0.851960 0.209136 0.137020
9  0.886104 0.704123 0.206731 0.129808
9  0.877690 0.636815 0.209132 0.129808
9  0.883699 0.561093 0.197113 0.132212
9  0.896921 0.487777 0.213945 0.134613
9  0.910143 0.404845 0.206731 0.132212
9  0.928170 0.323114 0.213945 0.137020
9  0.920958 0.255806 0.199521 0.117789
9  0.670959 0.028641 0.194712 0.134616
9  0.187787 0.101959 0.199517 0.055289
10  0.186584 0.344749 0.096155 0.074520

