9  0.167311 0.060511 0.170673 0.201920
9  0.170919 0.150656 0.173076 0.199519
9  0.178129 0.245606 0.177885 0.221153
9  0.196158 0.326136 0.161056 0.204326
9  0.198563 0.417482 0.180288 0.213940
9  0.203370 0.517241 0.175479 0.206727
9  0.220197 0.602577 0.185097 0.209133
9  0.240629 0.684308 0.168268 0.209133
9  0.632456 0.645846 0.235576 0.112980
9  0.250245 0.764836 0.168270 0.201925
9  0.269476 0.853781 0.182691 0.211539
9  0.669717 0.743202 0.233173 0.115386
9  0.697359 0.823730 0.230770 0.103366
9  0.699764 0.889837 0.245191 0.115386
9  0.285101 0.929502 0.175482 0.199519
9  0.727408 0.966761 0.228367 0.110575
10  0.491832 0.304502 0.093750 0.055289
9  0.931736 0.645846 0.228364 0.112980

