14  0.918731 0.936985 0.300486 0.302885
10  0.907917 0.042764 0.062498 0.057693
10  0.523298 0.202616 0.067311 0.074511
10  0.630271 0.331220 0.064899 0.062496
10  0.595415 0.129297 0.072123 0.081735
10  0.667528 0.055977 0.076925 0.079328
10  0.731237 0.225455 0.079326 0.076919
10  0.788928 0.166558 0.074513 0.069720
10  0.840612 0.111268 0.072112 0.074523
10  0.232437 0.735061 0.076914 0.072116
10  0.294934 0.673769 0.067311 0.069708
10  0.036523 0.697806 0.079326 0.074512
10  0.096615 0.634100 0.069712 0.072115
10  0.161525 0.574012 0.069712 0.072115
10  0.227629 0.505502 0.076925 0.079328
10  0.297341 0.440598 0.072123 0.079327
10  0.365846 0.602852 0.055285 0.067312
10  0.424743 0.539152 0.062509 0.074511
10  0.494455 0.467042 0.062509 0.069708
10  0.552151 0.403342 0.086539 0.072115
10  0.389888 0.337234 0.060086 0.069707
10  0.454786 0.274732 0.069712 0.069720

