9  0.770441 0.495072 0.230769 0.204327
9  0.707941 0.449397 0.225962 0.189904
9  0.662268 0.388099 0.225962 0.201925
9  0.608181 0.332811 0.218750 0.197114
9  0.474768 0.152522 0.240385 0.211540
9  0.435104 0.582811 0.237981 0.211540
9  0.487989 0.634494 0.228365 0.209134
9  0.865393 0.627283 0.233173 0.213941
9  0.842556 0.531128 0.177885 0.161060
9  0.683902 0.664541 0.153846 0.139424
9  0.533662 0.692187 0.237981 0.209134
9  0.384624 0.525119 0.233173 0.211536
9  0.334143 0.469830 0.242788 0.211540
9  0.292076 0.412138 0.235577 0.211536
9  0.236787 0.356851 0.235577 0.206733
9  0.188710 0.302764 0.235577 0.209134
9  0.139431 0.247476 0.233173 0.209134
9  0.086547 0.190984 0.233173 0.206732
9  0.039672 0.136897 0.235577 0.209134

