1  0.385564 0.470698 0.132211 0.074521
1  0.041812 0.185844 0.040867 0.062500
1  0.037005 0.608919 0.103360 0.076920
1  0.068256 0.574065 0.098558 0.060097
1  0.070658 0.527187 0.098558 0.062500
1  0.069457 0.474302 0.125002 0.076924
1  0.091091 0.427429 0.124997 0.084132
1  0.140370 0.382958 0.098558 0.096154
1  0.155996 0.321659 0.086536 0.055291
1  0.160804 0.290409 0.081734 0.050482
1  0.172823 0.251947 0.081729 0.045672
1  0.182438 0.221899 0.076926 0.048079
1  0.206476 0.178631 0.129805 0.062500
1  0.486523 0.265168 0.146639 0.081734
1  0.567052 0.301226 0.067306 0.048079
1  0.583881 0.351708 0.076921 0.057690
1  0.442052 0.312042 0.115387 0.069712
1  0.547821 0.375747 0.076921 0.052885
1  0.419215 0.364929 0.127403 0.079327
1  0.529794 0.417814 0.079328 0.050478
1  0.408399 0.422621 0.129805 0.074517
1  0.520179 0.452668 0.079328 0.052885
1  0.508158 0.488727 0.079328 0.048075
1  0.497342 0.523583 0.081729 0.050478
1  0.539407 0.989927 0.093750 0.055288
1  0.551428 0.947861 0.093750 0.057694
1  0.567052 0.909399 0.096152 0.057690
1  0.568255 0.867331 0.098558 0.050482
1  0.582678 0.827669 0.093745 0.052885
1  0.600707 0.794015 0.086541 0.052884
1  0.615130 0.757957 0.081729 0.048079
1  0.622341 0.720699 0.086536 0.055287
1  0.635561 0.685843 0.079328 0.048079
1  0.647582 0.649785 0.088943 0.052885
1  0.659601 0.614929 0.084135 0.050482
1  0.743737 0.608919 0.064905 0.105769
1  0.778590 0.620938 0.067306 0.100960
1  0.819457 0.626947 0.057691 0.084136
1  0.856715 0.644978 0.060097 0.096154
1  0.896378 0.655792 0.057691 0.088942
1  0.671618 0.578872 0.084135 0.055287
1  0.680032 0.540408 0.086536 0.050482
1  0.690851 0.504353 0.084130 0.040867
1  0.704073 0.468293 0.086542 0.050482
1  0.717292 0.433437 0.084135 0.048079
1  0.742533 0.403389 0.072114 0.045672
1  0.797823 0.471900 0.081729 0.134614
1  0.912007 0.503149 0.093750 0.163459
1  0.978110 0.517572 0.096157 0.163463
1  0.361524 0.849304 0.088943 0.057694
1  0.371142 0.523583 0.122596 0.074521
1  0.487727 0.557237 0.076926 0.045672
1  0.350708 0.583680 0.134617 0.079327
1  0.473304 0.596901 0.081729 0.052885
1  0.463686 0.631755 0.076921 0.040867
1  0.343494 0.637766 0.125002 0.076924
1  0.325467 0.693053 0.112981 0.062500
1  0.450464 0.664206 0.084135 0.052885
1  0.440849 0.703871 0.074520 0.031252
1  0.426426 0.736323 0.074520 0.048075
1  0.393976 0.767572 0.091344 0.048079
1  0.280993 0.864928 0.038461 0.060093
1  0.309841 0.777188 0.038466 0.067309
1  0.350706 0.888968 0.086536 0.055288
1  0.338687 0.928631 0.081729 0.043270
1  0.326668 0.970697 0.086536 0.060093
1  0.933638 0.666611 0.055290 0.091349
1  0.972099 0.678631 0.055290 0.091345
1  0.754552 0.836083 0.067306 0.103366
1  0.711284 0.832477 0.048076 0.076924
1  0.895178 0.995938 0.045675 0.081734
1  0.862725 0.981516 0.048076 0.076924
1  0.820660 0.975507 0.050482 0.088942
1  0.787005 0.963485 0.045675 0.084137
1  0.749745 0.950266 0.052888 0.086539
1  0.713688 0.937045 0.048081 0.079327
1  0.642772 0.917813 0.045675 0.074517
7  0.582678 0.857716 0.401440 0.987981
7  0.944454 0.945457 0.639423 0.374998
7  0.343494 0.773583 0.514421 1.026441
7  0.050224 0.370938 0.365386 0.490386
1  0.791812 0.846899 0.050477 0.091345
1  0.871137 0.873342 0.060097 0.096150
1  0.909600 0.887764 0.055290 0.096154
1  0.946861 0.898583 0.052888 0.093747
1  0.988928 0.908198 0.055290 0.098561

