9  0.427566 0.367701 0.204326 0.129809
9  0.461220 0.301596 0.228365 0.137020
9  0.485258 0.247509 0.223557 0.139422
9  0.206412 0.253519 0.204328 0.132211
9  0.575402 0.068422 0.216348 0.141826
9  0.601845 0.007125 0.221155 0.129807
9  0.759296 0.757125 0.189904 0.110578
9  0.796557 0.701836 0.192308 0.120191
9  0.261701 0.133327 0.199518 0.132213
9  0.234056 0.193422 0.192308 0.122597
9  0.197999 0.322029 0.192306 0.125001
9  0.913142 0.538375 0.185096 0.139422
9  0.290547 0.076836 0.199518 0.115383
9  0.330211 0.005923 0.197113 0.122595
9  0.881893 0.588855 0.185096 0.129807
9  0.843432 0.635730 0.185096 0.127405
9  0.747278 0.829240 0.199521 0.120193
9  0.702807 0.895345 0.206731 0.127405
9  0.397518 0.421788 0.192308 0.127403
9  0.148721 0.736692 0.165867 0.098558
10  0.331412 0.867702 0.074520 0.100960
10  0.014105 0.725874 0.098559 0.072115
10  0.093431 0.803999 0.079327 0.093750
10  0.223239 0.436211 0.045673 0.103364
10  0.177567 0.429000 0.060096 0.108171
10  0.101845 0.432605 0.120193 0.081733
10  0.427566 0.531162 0.079325 0.096154
9  0.969634 0.404962 0.201923 0.132213
9  0.515307 0.192220 0.201923 0.125001

