7  0.582102 0.122844 0.374994 1.793273
1  0.519602 0.523085 0.124994 0.036058
1  0.520805 0.581979 0.108169 0.043275
1  0.522008 0.631259 0.115385 0.045681
1  0.517200 0.686549 0.120189 0.050483
1  0.520802 0.473810 0.122595 0.048077
1  0.529217 0.418520 0.115385 0.043275
1  0.524410 0.369240 0.129811 0.050474
1  0.537633 0.318762 0.108176 0.050483
1  0.519602 0.059144 0.129804 0.050473
1  0.515998 0.188950 0.122595 0.045681
1  0.183065 0.351211 0.048081 0.115382
1  0.507582 0.259868 0.149034 0.048077
1  0.946285 0.084385 0.098561 0.043275
1  0.959505 0.035105 0.100960 0.045681
1  0.946282 0.315153 0.103365 0.038454
1  0.930660 0.505056 0.081730 0.033661
1  0.940275 0.459385 0.100960 0.043266
1  0.943883 0.408907 0.103365 0.038464
1  0.937870 0.362028 0.105770 0.040860
1  0.948687 0.128854 0.108176 0.040869
1  0.941478 0.274289 0.088946 0.033652
1  0.952296 0.218999 0.100960 0.033661
1  0.946285 0.178134 0.108169 0.038464
1  0.936670 0.554332 0.098561 0.036058
1  0.677055 0.172125 0.112980 0.045671
1  0.520805 0.136066 0.117791 0.040860
1  0.933066 0.597603 0.105770 0.045671
1  0.679461 0.222603 0.093750 0.036058
1  0.675849 0.270680 0.125000 0.040869
1  0.674650 0.321163 0.127399 0.036058
1  0.917437 0.972607 0.103365 0.040860
1  0.916235 0.929336 0.105770 0.036058
1  0.924650 0.880056 0.103372 0.038464
1  0.922248 0.830776 0.108176 0.040869
1  0.925853 0.785104 0.110575 0.045681
1  0.668643 0.370443 0.115385 0.038464
1  0.931863 0.740636 0.103365 0.038464
1  0.934265 0.688950 0.093750 0.040869
1  0.929458 0.643279 0.098554 0.045681
1  0.660227 0.468999 0.108176 0.038454
1  0.661427 0.568757 0.115385 0.036058
1  0.661430 0.619240 0.125000 0.045681
1  0.653015 0.767075 0.112980 0.043266
1  0.515998 0.734626 0.122595 0.045672
1  0.647008 0.864433 0.110575 0.040860
1  0.509987 0.841597 0.110575 0.043266
1  0.511190 0.900491 0.093750 0.040860
1  0.650613 0.912510 0.127406 0.045671
1  0.642197 0.959385 0.110575 0.043266
1  0.501575 0.947365 0.132210 0.048078

