1  0.823847 0.680275 0.098556 0.040867
1  0.936830 0.539648 0.074520 0.033653
1  0.932022 0.495179 0.084135 0.036057
1  0.920002 0.451910 0.088946 0.040867
1  0.886347 0.123785 0.064901 0.033653
1  0.909184 0.207920 0.086538 0.033653
7  0.511347 0.658640 0.141825 0.579325
1  0.530578 0.408641 0.093749 0.040864
1  0.524569 0.570900 0.100960 0.038464
1  0.524569 0.679071 0.110574 0.033653
1  0.530580 0.870178 0.108175 0.036057
1  0.563031 0.978352 0.168269 0.050478
7  0.868320 0.504793 0.278848 0.819712

