10  0.443899 0.382877 0.122596 0.088943
10  0.213132 0.098021 0.055289 0.115385
10  0.430679 0.527107 0.100961 0.088943
10  0.467937 0.695377 0.122596 0.103365
10  0.439091 0.596818 0.103364 0.088943
9  0.403034 0.078790 0.185095 0.110576
9  0.405439 0.156916 0.185095 0.117787
9  0.419860 0.232636 0.170674 0.110579
9  0.460726 0.469416 0.165866 0.122596
9  0.501592 0.781917 0.185095 0.112981
9  0.522024 0.940570 0.163463 0.108174
9  0.804475 0.438165 0.185095 0.084137
9  0.841736 0.625665 0.192309 0.084134
9  0.822505 0.522299 0.201922 0.079327
10  0.841736 0.683358 0.134618 0.060096
9  0.002793 0.952588 0.206730 0.204328
10  0.763611 0.265088 0.127404 0.069712
10  0.797265 0.182156 0.141826 0.072116

