9  0.864792 0.774588 0.146631 0.209135
9  0.644838 0.558239 0.158651 0.112976
9  0.519840 0.939247 0.149036 0.110579
10  0.451328 0.064248 0.084137 0.115389
10  0.321522 0.680834 0.064907 0.088944
10  0.286666 0.763767 0.067305 0.091349
10  0.244602 0.869536 0.060096 0.086540
10  0.197726 0.970501 0.067305 0.091341
10  0.291474 0.999346 0.072109 0.096159
10  0.411669 0.704874 0.072116 0.093754
10  0.652051 0.651989 0.105765 0.069714
10  0.542678 0.856314 0.093752 0.064905
10  0.987388 0.802231 0.088941 0.062500
10  0.969358 0.852711 0.105772 0.057698
10  0.947726 0.909203 0.110576 0.069714
10  0.923684 0.951271 0.110576 0.072119
10  0.878011 0.150787 0.057690 0.086531
10  0.512626 0.084684 0.067312 0.084135
10  0.725367 0.082276 0.074514 0.098555
10  0.691714 0.293815 0.074522 0.093746
10  0.754215 0.302228 0.064899 0.086540
10  0.811905 0.333482 0.064899 0.096159
10  0.971763 0.409200 0.062501 0.084135
10  0.822723 0.119538 0.062494 0.076920
10  0.131616 0.210887 0.088941 0.129809
10  0.075129 0.201267 0.086535 0.129809

