10  0.953701 0.340840 0.048076 0.088940
10  0.886396 0.346851 0.052884 0.096154
10  0.815480 0.349253 0.055289 0.100957
10  0.515003 0.366079 0.055289 0.091350
10  0.304663 0.368483 0.052884 0.091350
10  0.021011 0.084828 0.048076 0.100963
10  0.008991 0.196606 0.043268 0.098558
10  0.790242 0.244686 0.100964 0.050479
10  0.227741 0.173771 0.052884 0.100957
10  0.251779 0.066800 0.048076 0.098558
10  0.790242 0.144923 0.043272 0.076923
10  0.945291 0.036752 0.045672 0.100958
10  0.874375 0.030743 0.043268 0.108176
10  0.859954 0.130504 0.048076 0.100963
10  0.938078 0.128099 0.040863 0.091345
10  0.802261 0.034350 0.052884 0.100963
10  0.727741 0.028338 0.043271 0.093749
10  0.713317 0.137712 0.048076 0.096154
10  0.302259 0.161752 0.048076 0.091345
10  0.591925 0.034350 0.045672 0.096154
10  0.589521 0.140116 0.045672 0.091345
10  0.529424 0.045165 0.055289 0.103367
10  0.512597 0.150937 0.045676 0.098558
10  0.463316 0.047569 0.057693 0.093749
10  0.448895 0.147330 0.048076 0.096154
10  0.391202 0.048771 0.052884 0.100963
10  0.375579 0.162954 0.050480 0.088940
10  0.320291 0.052378 0.050480 0.103367
10  0.393607 0.777136 0.052884 0.100963
10  0.340722 0.787956 0.052884 0.098558
10  0.286636 0.790358 0.060097 0.103362
10  0.234953 0.798771 0.048076 0.086536
10  0.959712 0.858868 0.050480 0.100963
10  0.914040 0.858868 0.050480 0.091345
10  0.863560 0.866079 0.055289 0.105767
10  0.815480 0.866079 0.055289 0.100957
10  0.758991 0.870885 0.062497 0.096154
10  0.656827 0.870885 0.055289 0.100963
10  0.602740 0.873290 0.052884 0.091345
10  0.551058 0.872087 0.055289 0.093749
10  0.501780 0.874492 0.057693 0.093749
10  0.453704 0.875694 0.048076 0.081727
10  0.352741 0.887711 0.052888 0.096154
10  0.296252 0.888914 0.055289 0.098558
10  0.446491 0.769925 0.048076 0.091350
10  0.494567 0.778338 0.052884 0.093749
10  0.546249 0.779540 0.050480 0.096154
10  0.606346 0.557184 0.050480 0.108171
10  0.066683 0.904540 0.062501 0.100958
10  0.942886 0.542762 0.050480 0.088946
10  0.869568 0.545164 0.057689 0.103367
10  0.811877 0.551176 0.057693 0.100963
10  0.674858 0.547569 0.048076 0.093749
10  0.531828 0.566800 0.055289 0.098558
10  0.595531 0.773532 0.052884 0.108171
10  0.458512 0.564395 0.052884 0.093749
10  0.958510 0.751896 0.052884 0.088946
10  0.908030 0.759107 0.048076 0.088940
10  0.804665 0.769928 0.062501 0.096154
10  0.756587 0.773529 0.043272 0.093749
10  0.706107 0.777138 0.062497 0.110575

