1  0.461121 0.529174 0.194713 0.146632
1  0.220736 0.662588 0.242787 0.182692
1  0.401024 0.430616 0.194713 0.151439
1  0.171457 0.570039 0.254806 0.189901
1  0.090928 0.473885 0.300480 0.209132
1  0.351745 0.344078 0.201925 0.151439
1  0.264004 0.168597 0.199521 0.151445
1  0.211121 0.074844 0.199517 0.151445
1  0.271216 0.765951 0.223559 0.163462
1  0.500783 0.621720 0.211537 0.163461
1  0.550062 0.716673 0.165863 0.132214
1  0.330110 0.882539 0.254810 0.189901
1  0.657034 0.905374 0.206729 0.163461
1  0.392611 0.978692 0.250002 0.189901
1  0.599342 0.811624 0.211537 0.158654

