0  0.490186 0.798217 0.103362 0.141830
0  0.611585 0.798217 0.100952 0.146642
0  0.737782 0.800622 0.108168 0.141830
0  0.861583 0.803023 0.105774 0.146632
0  0.982974 0.809037 0.098555 0.149038
0  0.309904 0.708075 0.103363 0.144227
0  0.368795 0.794608 0.100967 0.139425
0  0.433698 0.709278 0.105774 0.146632
0  0.876003 0.379947 0.105774 0.146632
0  0.751004 0.377541 0.105773 0.146632
0  0.629613 0.375140 0.108170 0.151435
0  0.508214 0.369130 0.100967 0.144227
0  0.556294 0.716485 0.100967 0.146632
0  0.921680 0.720094 0.105759 0.144227
0  0.802684 0.722495 0.103363 0.144236
0  0.678891 0.720094 0.105774 0.149038
0  0.992587 0.382352 0.108168 0.141821
0  0.569516 0.292206 0.103363 0.149038
0  0.936100 0.295814 0.105759 0.156255

