10  0.665795 0.433928 0.067311 0.096155
10  0.844883 0.514464 0.079324 0.050480
10  0.835272 0.492827 0.079324 0.060100
10  0.831668 0.459168 0.081727 0.055283
10  0.822057 0.432727 0.081727 0.055297
10  0.806422 0.381040 0.069713 0.048078
10  0.783588 0.325757 0.057683 0.048078
10  0.776380 0.295707 0.057683 0.050480
10  0.754747 0.241624 0.072116 0.057685
10  0.747530 0.215177 0.081744 0.052881
10  0.733105 0.187536 0.067310 0.050493
10  0.715084 0.132246 0.069713 0.050480
10  0.703054 0.105805 0.079324 0.045663
10  0.698249 0.079364 0.084130 0.050480
10  0.685033 0.025275 0.076921 0.052895
10  0.574457 0.108214 0.048088 0.079328
10  0.855704 0.572149 0.091355 0.069721
10  0.784789 0.730806 0.060085 0.074525
10  0.984309 0.953167 0.060102 0.048078
10  0.810035 0.802916 0.057683 0.079328

