7  0.998844 0.087500 0.759616 0.771636
1  0.903894 0.077886 0.103363 0.117790
1  0.977209 0.219713 0.086538 0.088943
1  0.931537 0.253366 0.105767 0.103366
1  0.902692 0.293029 0.096154 0.096153
1  0.863028 0.113942 0.108173 0.112980
1  0.796922 0.188462 0.086542 0.088943
1  0.754855 0.228124 0.108173 0.110576
1  0.867836 0.332693 0.117789 0.122598
1  0.831778 0.373558 0.103363 0.103363
1  0.687545 0.309856 0.108173 0.105771
1  0.656296 0.361539 0.117789 0.117790
1  0.608221 0.006972 0.108173 0.110576
1  0.539712 0.086299 0.100960 0.096153
1  0.424325 0.136780 0.139425 0.144231
1  0.388269 0.010577 0.134615 0.137022

