9  0.499835 0.487862 0.137020 0.153846
9  0.967383 0.207812 0.091348 0.194710
9  0.574355 0.813582 0.141828 0.093751
9  0.177720 0.580408 0.093748 0.165867
9  0.366421 0.537138 0.144232 0.156249
9  0.436133 0.520312 0.149040 0.156249
9  0.573153 0.481851 0.139424 0.156249
9  0.645267 0.465024 0.158652 0.189905
9  0.716181 0.432571 0.165864 0.197116
9  0.788297 0.414544 0.161056 0.199519
9  0.124836 0.398918 0.103364 0.211536
9  0.200556 0.402524 0.105772 0.199519
9  0.253440 0.355648 0.091348 0.144232
9  0.382047 0.342426 0.117788 0.204328
9  0.442143 0.305167 0.117788 0.206730
9  0.508249 0.306370 0.125000 0.209137
9  0.670509 0.305169 0.209136 0.110577
9  0.652479 0.243870 0.216347 0.117788
9  0.626037 0.183773 0.206728 0.108174
9  0.603201 0.127283 0.165864 0.096158
9  0.595989 0.062378 0.170672 0.100963
9  0.567143 0.004686 0.161059 0.100963

