9  0.574782 0.844256 0.192309 0.209132
9  0.771900 0.857475 0.192302 0.197112
9  0.668535 0.840648 0.201925 0.206727
9  0.481033 0.840648 0.197114 0.201916
9  0.377669 0.833439 0.192310 0.211538
9  0.174543 0.441608 0.194712 0.177884
9  0.275505 0.430791 0.194712 0.175478
9  0.354832 0.454830 0.204327 0.180290
9  0.447380 0.453628 0.206729 0.182695
9  0.544736 0.462043 0.194712 0.194715
9  0.632477 0.470455 0.206728 0.187498
9  0.725025 0.481276 0.204327 0.180289
9  0.825984 0.484880 0.199516 0.187498
9  0.023103 0.823821 0.194712 0.211546
9  0.118053 0.833435 0.173079 0.206735
9  0.214204 0.838246 0.177883 0.201923
9  0.295936 0.838242 0.197114 0.206727
9  0.792335 0.261319 0.175481 0.197112
9  0.045936 0.228867 0.192310 0.194707
9  0.142091 0.236080 0.182695 0.199526
9  0.232237 0.238482 0.204327 0.199518
9  0.333196 0.246901 0.189908 0.201924
9  0.497861 0.240887 0.177883 0.204329
9  0.596418 0.238485 0.177891 0.209132
9  0.702188 0.264927 0.182688 0.204329

