9  0.548740 0.458098 0.129806 0.192307
9  0.426145 0.425645 0.139420 0.237979
9  0.332395 0.391991 0.149040 0.233172
9  0.232633 0.336703 0.122598 0.199518
9  0.136479 0.305453 0.132213 0.237982
9  0.043933 0.300646 0.096152 0.185096
9  0.649702 0.507375 0.125001 0.180289
9  0.739847 0.563866 0.127403 0.206729
9  0.946575 0.633577 0.127403 0.235578
9  0.366047 0.800645 0.221157 0.233172
9  0.530712 0.988145 0.209135 0.233172
9  0.563162 0.899202 0.221152 0.223557
9  0.297538 0.834299 0.194711 0.199521
9  0.204990 0.836702 0.206733 0.228365
9  0.100422 0.829491 0.213945 0.237979
9  0.015084 0.845116 0.192308 0.225964
9  0.840806 0.584300 0.132213 0.194711

