1  0.205722 0.779333 0.120193 0.139411
1  0.079524 0.934391 0.161057 0.218749
1  0.113174 0.861068 0.151446 0.187509
1  0.168459 0.822601 0.132213 0.158659
1  0.257406 0.751693 0.127407 0.170670
1  0.313896 0.718039 0.129804 0.165875
1  0.359565 0.683181 0.129804 0.158641
1  0.420866 0.661547 0.122602 0.158640
7  0.289857 0.385112 0.274036 0.389418
1  0.608369 0.677176 0.189901 0.165875
1  0.710528 0.832216 0.149038 0.129807
1  0.745388 0.895925 0.156251 0.122607
1  0.833124 0.952417 0.230776 0.182698
1  0.545864 0.976448 0.175473 0.149035
1  0.525433 0.912748 0.129816 0.098548
7  0.592743 0.844245 0.399036 0.576929
1  0.514618 0.546167 0.175485 0.144223
1  0.550670 0.612272 0.189901 0.161064
1  0.486972 0.495680 0.177881 0.144223
1  0.205722 0.409143 0.129805 0.129825
1  0.009811 0.692795 0.146640 0.125013
1  0.035048 0.737276 0.149037 0.132213
1  0.109567 0.280530 0.144232 0.127400
1  0.155241 0.316600 0.100960 0.098567
1  0.168459 0.363477 0.132213 0.129805
1  0.233367 0.464431 0.141835 0.129807
1  0.440099 0.442797 0.170679 0.153827
1  0.275435 0.510106 0.129815 0.120183
1  0.304279 0.552172 0.124999 0.112966
1  0.239377 0.227647 0.100960 0.117796
1  0.288653 0.198804 0.108174 0.132212
1  0.335526 0.160348 0.105766 0.132212
1  0.376395 0.136307 0.105777 0.141835
1  0.315100 0.290154 0.132213 0.117778
1  0.384808 0.317802 0.189901 0.168263
1  0.412453 0.382697 0.187504 0.158657

