7  0.578565 0.503721 0.072116 0.060099
7  0.687937 0.905164 0.088943 0.069714
7  0.486016 0.961654 0.079326 0.067302
7  0.639865 0.781368 0.079326 0.067311
7  0.442743 0.819826 0.079326 0.072118
7  0.607408 0.640738 0.072116 0.074521
7  0.407894 0.697232 0.081733 0.072118
7  0.374238 0.560211 0.086547 0.067302
7  0.537699 0.373916 0.086537 0.074522
7  0.344187 0.424393 0.069709 0.064906
7  0.270868 0.155163 0.072116 0.064899
7  0.238420 0.026555 0.074512 0.072118
7  0.306931 0.290982 0.086537 0.076925
7  0.464385 0.116700 0.079326 0.069714
7  0.494431 0.238097 0.076920 0.076917

