1  0.725655 0.458299 0.098557 0.060094
1  0.975657 0.767193 0.127405 0.062499
1  0.980464 0.728730 0.117791 0.062503
1  0.855462 0.692673 0.108172 0.062503
1  0.872292 0.655415 0.093750 0.055289
1  0.868686 0.607335 0.120192 0.074517
1  0.887915 0.568874 0.100963 0.055289
1  0.907144 0.477529 0.120192 0.055289
1  0.713635 0.495557 0.098557 0.057689
1  0.738877 0.413826 0.100958 0.062498
1  0.923972 0.437866 0.110578 0.062503
1  0.932386 0.400605 0.112979 0.064903
1  0.750897 0.374163 0.105770 0.064903
1  0.944407 0.351327 0.112979 0.067308
1  0.761712 0.328490 0.098557 0.055289
1  0.957628 0.309260 0.110578 0.069712
1  0.973251 0.267194 0.103364 0.052884
1  0.782145 0.252768 0.100963 0.057689
1  0.842243 0.737144 0.110578 0.064903
1  0.833829 0.773202 0.098562 0.055289
1  0.962433 0.814068 0.125000 0.074517
1  0.925175 0.957095 0.137016 0.076922
1  0.937196 0.915027 0.132213 0.079326
1  0.975657 0.215510 0.112979 0.060094
1  0.795366 0.210702 0.103364 0.055289
1  0.713635 0.159020 0.026443 0.052884
1  0.785751 0.159018 0.117791 0.062498
1  0.671570 0.231133 0.086541 0.052885
1  0.119887 0.397000 0.112983 0.081731
1  0.099455 0.370558 0.100963 0.076922
1  0.204022 0.244354 0.060098 0.031251
1  0.105465 0.240750 0.036057 0.028842
1  0.232868 0.205893 0.021635 0.045670
1  0.216040 0.201086 0.021635 0.045675
1  0.196811 0.201086 0.021635 0.045675
1  0.158348 0.203491 0.021635 0.045675
1  0.119887 0.201086 0.026443 0.045675
1  0.091041 0.651808 0.127405 0.086541
1  0.067002 0.613345 0.137016 0.096154
1  0.177579 0.538827 0.050484 0.038461
1  0.041760 0.573681 0.134614 0.098559
1  0.173973 0.499162 0.105770 0.074517
1  0.141520 0.471520 0.084135 0.062499
1  0.030945 0.534018 0.122598 0.086536
7  0.589838 0.677048 0.461535 0.915867
7  0.402339 0.458299 0.250003 0.387019
7  0.059789 0.636182 0.737981 0.882211
7  0.937193 0.663827 0.521633 0.975965
1  0.098254 0.999163 0.146635 0.098555
1  0.659551 0.312864 0.076922 0.028847
1  0.642723 0.346518 0.081733 0.038461
1  0.637916 0.384979 0.076922 0.043270
1  0.540560 0.259980 0.084135 0.033656
1  0.268925 0.207096 0.031250 0.052884
1  0.354261 0.208298 0.043266 0.031251
1  0.335032 0.249164 0.110578 0.060098
1  0.417964 0.291229 0.079328 0.038461
1  0.493685 0.344116 0.067312 0.129806
1  0.402339 0.330895 0.081734 0.045670
1  0.386714 0.360942 0.098557 0.048080
1  0.622289 0.417431 0.084135 0.050480
1  0.622291 0.452287 0.064901 0.038461
1  0.607869 0.483539 0.079328 0.048080
1  0.502097 0.422240 0.031250 0.026442
1  0.458828 0.463106 0.074516 0.117792
1  0.702819 0.534018 0.096156 0.062499
1  0.373493 0.436663 0.081729 0.050480
1  0.588635 0.552046 0.079328 0.050480
1  0.804983 0.886181 0.098557 0.055289
1  0.606666 0.791230 0.120192 0.043270
1  0.779741 0.957098 0.105770 0.043270
1  0.777337 0.994356 0.091348 0.040866
1  0.248493 0.832096 0.081729 0.062498
1  0.467242 0.806856 0.086541 0.040866
1  0.248493 0.878971 0.091344 0.069708
1  0.593445 0.832096 0.108176 0.062498
1  0.587437 0.878971 0.120192 0.074517
1  0.449211 0.874164 0.093750 0.040865
1  0.238876 0.928251 0.086536 0.067308
1  0.573010 0.933058 0.100963 0.072113
1  0.552578 0.978730 0.117786 0.072117
1  0.423974 0.991951 0.091348 0.036056
1  0.247290 0.984740 0.084135 0.069708
1  0.796569 0.919837 0.100958 0.055289
1  0.254503 0.792433 0.093750 0.074522
1  0.355464 0.467913 0.079328 0.050484
1  0.808590 0.842915 0.105770 0.055289
1  0.350657 0.506374 0.069713 0.045675
1  0.694408 0.579693 0.093750 0.043270
1  0.580224 0.589307 0.072119 0.048080
1  0.563398 0.621759 0.072114 0.050480
1  0.679983 0.619356 0.098557 0.060094
1  0.671569 0.657817 0.096155 0.050484
1  0.560992 0.662624 0.076926 0.045670
1  0.433589 0.574884 0.057692 0.100964
1  0.389118 0.594114 0.050479 0.115388
1  0.208829 0.571277 0.108172 0.069713
1  0.222051 0.600124 0.100958 0.069712
1  0.234069 0.639787 0.091348 0.067308
1  0.254503 0.663827 0.093750 0.072112
1  0.266520 0.702288 0.084135 0.062503
1  0.111473 0.697480 0.134614 0.100964
1  0.141522 0.731134 0.122598 0.091350
1  0.655945 0.697481 0.093750 0.052889
1  0.254501 0.746758 0.079328 0.064903
1  0.639117 0.745558 0.084135 0.033656
1  0.516521 0.727530 0.112983 0.045675
1  0.821809 0.812866 0.093750 0.052885

