10  0.350128 0.390103 0.074522 0.088942
10  0.394595 0.352838 0.072117 0.096149
10  0.356136 0.277118 0.062505 0.084142
10  0.251569 0.326395 0.079323 0.100960
10  0.508783 0.505482 0.074522 0.098554
10  0.463104 0.702596 0.069712 0.084130
10  0.247965 0.077597 0.067307 0.084130
4  0.149407 0.644904 0.442311 0.536058
10  0.341714 0.488657 0.076918 0.093754
10  0.644598 0.765101 0.072117 0.093742
10  0.600126 0.670150 0.064910 0.081724
10  0.728731 0.965819 0.076927 0.096149
10  0.677048 0.869664 0.069712 0.091348
10  0.247965 0.078800 0.067307 0.086536

