1  0.793253 0.565102 0.139421 0.115383
1  0.903831 0.405247 0.144232 0.122597
1  0.939889 0.345152 0.129809 0.112982
1  0.998781 0.303085 0.127403 0.120191
1  0.853350 0.121593 0.153844 0.141824
1  0.643015 0.369189 0.151442 0.137021
1  0.578110 0.492987 0.156249 0.134619
1  0.543253 0.544669 0.129809 0.108169
1  0.509599 0.604767 0.144228 0.127405
1  0.462725 0.666063 0.146634 0.129807
1  0.862965 0.456928 0.149039 0.115383
1  0.755993 0.623996 0.146634 0.127400
1  0.688686 0.729766 0.151442 0.112977
7  0.747582 0.422072 0.874999 0.935096
1  0.237964 0.158852 0.149040 0.173077
1  0.110561 0.268227 0.153844 0.156247
1  0.637004 0.769429 0.144232 0.120191

