5  0.345603 0.696023 0.528849 0.526431
5  0.528296 0.516938 0.514422 0.514416
10  0.515070 0.002515 0.079326 0.076919
10  0.457379 0.059004 0.074513 0.069720
10  0.393675 0.127514 0.076925 0.072115
10  0.302334 0.224870 0.076925 0.074511
10  0.230216 0.296985 0.072112 0.069720
10  0.251851 0.039771 0.067300 0.069707
10  0.186952 0.103471 0.062498 0.057693
10  0.124448 0.168375 0.072112 0.072116
10  0.147284 0.327035 0.074524 0.081735
10  0.031902 0.260927 0.064899 0.084143
10  0.057143 0.476070 0.076925 0.076920

