10  0.442424 0.343751 0.088942 0.067309
10  0.424395 0.102165 0.081731 0.117790
10  0.803001 0.198319 0.088942 0.108174
10  0.915982 0.052886 0.088943 0.062498
9  0.622713 0.980770 0.127403 0.100962
9  0.413578 0.829328 0.093750 0.129807
9  0.673194 0.932694 0.170673 0.124998
9  0.697232 0.875000 0.170673 0.139423
9  0.733290 0.796877 0.175480 0.127404
9  0.768145 0.746395 0.182692 0.112981
9  0.824636 0.703127 0.180289 0.108174
9  0.865501 0.649040 0.213942 0.129807
9  0.890742 0.592550 0.211539 0.127404
9  0.920789 0.540867 0.233174 0.139423
10  0.586655 0.129810 0.069711 0.086539
1  0.366703 0.269233 0.091346 0.062500
10  0.384732 0.191106 0.055289 0.088942
9  0.917184 0.324521 0.187500 0.129809
10  0.876319 0.858175 0.120192 0.100962
10  0.854684 0.919472 0.115384 0.098556
10  0.275357 0.930289 0.105769 0.072116
10  0.286174 0.754808 0.074519 0.100962
10  0.328242 0.778848 0.067308 0.091346
10  0.571030 0.222357 0.052885 0.088942
10  0.494107 0.231973 0.091347 0.060097
10  0.480886 0.278847 0.103366 0.062500
10  0.309010 0.433895 0.096154 0.060095
10  0.336655 0.378607 0.098557 0.064904
9  0.944828 0.484376 0.233173 0.146635

