1  0.971018 0.016339 0.076922 0.151446
1  0.833996 0.016339 0.052888 0.103371
1  0.787112 0.010334 0.055290 0.100960
1  0.825573 0.606485 0.132212 0.086532
1  0.705387 0.507929 0.132212 0.076923
1  0.717412 0.468263 0.127409 0.074523
1  0.731831 0.427396 0.127391 0.079323
1  0.745049 0.373311 0.129809 0.081723
1  0.758274 0.322830 0.122604 0.081733
1  0.781108 0.285569 0.105760 0.074523
1  0.897692 0.340859 0.127407 0.079333
1  0.889277 0.399754 0.144237 0.096151
1  0.872456 0.458648 0.144220 0.093752
1  0.852025 0.495905 0.122603 0.072113
1  0.836398 0.551195 0.120202 0.076923
1  0.806351 0.653355 0.122588 0.088942
1  0.795535 0.707446 0.139416 0.091352
1  0.782309 0.750712 0.122603 0.081733
1  0.764279 0.801197 0.125006 0.081733
1  0.754672 0.854082 0.129809 0.081733
1  0.742647 0.904557 0.139417 0.081733
1  0.730622 0.951438 0.129809 0.074523
7  0.716203 0.729079 0.538452 0.990379
1  0.689759 0.553600 0.134613 0.086532
1  0.682546 0.596865 0.120186 0.072114
1  0.669328 0.640137 0.127409 0.076923
1  0.654901 0.688212 0.127407 0.076922
1  0.446977 0.510334 0.105775 0.072113
1  0.433751 0.543985 0.098570 0.076922
1  0.425345 0.584847 0.110579 0.081733
1  0.408516 0.619703 0.105776 0.069714
1  0.392889 0.655765 0.088931 0.055285
1  0.392889 0.697826 0.112981 0.072114
1  0.373650 0.738698 0.093751 0.067304
1  0.366436 0.778359 0.112981 0.074513
1  0.353219 0.812011 0.100956 0.074523
1  0.335197 0.886534 0.103374 0.074523
1  0.320770 0.926196 0.108178 0.072113
1  0.312364 0.968262 0.115382 0.069714
7  0.353227 0.610089 0.519238 0.983180
1  0.573176 0.986290 0.132211 0.067314
1  0.588803 0.941819 0.125006 0.079323
1  0.598419 0.896148 0.120186 0.074513
1  0.621260 0.813211 0.132211 0.076923
1  0.633277 0.769945 0.117784 0.072124
1  0.648896 0.732688 0.105760 0.074523
1  0.460195 0.470662 0.093751 0.064904
1  0.484229 0.388934 0.098554 0.060094
1  0.501065 0.352878 0.117784 0.069713
1  0.510673 0.309612 0.103374 0.069714
1  0.201777 0.927400 0.096153 0.064904
1  0.215003 0.888934 0.103357 0.074523
1  0.219815 0.846868 0.112981 0.072124
1  0.227020 0.812011 0.108177 0.064904
1  0.239045 0.766340 0.117784 0.079333
1  0.259476 0.724274 0.105775 0.048075
1  0.269091 0.688212 0.105759 0.062504
1  0.277506 0.647351 0.112981 0.067314
1  0.296728 0.610090 0.098554 0.064904
1  0.306352 0.560809 0.103358 0.057695
1  0.318368 0.525952 0.103374 0.060094
1  0.330386 0.488696 0.108161 0.067314
1  0.342403 0.441820 0.112981 0.074513
1  0.355628 0.403358 0.110579 0.074523
1  0.367645 0.362492 0.110563 0.079323
1  0.382072 0.319226 0.105759 0.064904
1  0.394089 0.283164 0.100972 0.060094
1  0.403705 0.235089 0.110563 0.060094
1  0.418123 0.197827 0.110579 0.067304
1  0.431350 0.159366 0.103374 0.057695
1  0.546732 0.189418 0.108177 0.064904
1  0.533506 0.226680 0.110579 0.072114
1  0.527501 0.271145 0.117784 0.069713
1  0.187358 0.977881 0.100972 0.060094
7  0.037117 0.536771 0.439914 0.923075
1  0.081583 0.110085 0.115383 0.064904
1  0.062360 0.149757 0.139417 0.081733
1  0.199375 0.132928 0.100956 0.057695
1  0.188559 0.168985 0.098570 0.062494
1  0.181346 0.206242 0.103358 0.060094
1  0.165718 0.241098 0.096152 0.062494
1  0.157312 0.279559 0.098554 0.062504
1  0.142885 0.315617 0.088946 0.052885
1  0.109236 0.416577 0.084127 0.052885
1  0.098419 0.452639 0.086545 0.062494
1  0.076779 0.527157 0.081725 0.052885
1  0.067164 0.564419 0.086546 0.050475
1  0.061159 0.599275 0.093751 0.057695
1  0.047933 0.635327 0.086545 0.052885
1  0.015485 0.737493 0.088931 0.060094
1  0.002259 0.774754 0.086528 0.062505

