9  0.256674 0.256549 0.192308 0.201924
9  0.081193 0.154384 0.192308 0.194710
9  0.084798 0.075057 0.185097 0.194710
9  0.791529 0.106308 0.165866 0.170671
9  0.628067 0.107509 0.180288 0.177885
9  0.238644 0.058230 0.189904 0.194714
9  0.629270 0.287798 0.177883 0.182692
9  0.623260 0.192847 0.170672 0.185094
9  0.043933 0.986114 0.194712 0.194710
9  0.072779 0.400777 0.185097 0.197116
9  0.245857 0.500538 0.185096 0.194710
9  0.613645 0.617126 0.170672 0.173077
9  0.630472 0.551020 0.180288 0.180287
9  0.783116 0.624338 0.173078 0.187500
9  0.244654 0.583469 0.187500 0.197116
9  0.614847 0.451259 0.177885 0.182693
9  0.241048 0.404384 0.189904 0.194714
9  0.069174 0.314238 0.187500 0.192308
9  0.247059 0.327461 0.187500 0.194710
9  0.067972 0.481307 0.185096 0.194710
9  0.612443 0.704865 0.177885 0.185098
9  0.244654 0.750537 0.187500 0.194714
9  0.242250 0.999336 0.182692 0.201924
9  0.067972 0.923614 0.189904 0.199518
9  0.069174 0.816644 0.187500 0.192308
9  0.248260 0.921211 0.194711 0.199522
9  0.059558 0.724095 0.192307 0.194710
9  0.238644 0.829866 0.185096 0.194710
9  0.064365 0.647174 0.187500 0.194710
9  0.777106 0.790203 0.175481 0.182692
9  0.067972 0.567847 0.185096 0.194710
9  0.242250 0.665202 0.187500 0.197116
9  0.598019 0.867124 0.177885 0.182693
9  0.611241 0.789000 0.175481 0.175483

