1  0.174189 0.363022 0.067304 0.033652
1  0.954234 0.021679 0.079324 0.033652
1  0.948228 0.098597 0.086541 0.033652
1  0.715055 0.777683 0.076926 0.031246
1  0.626112 0.491625 0.086541 0.036058
1  0.725869 0.537302 0.084135 0.040860
1  0.627315 0.530089 0.084135 0.031246
1  0.617697 0.570958 0.088939 0.036058
1  0.725869 0.576963 0.084135 0.033652
1  0.719862 0.697156 0.081730 0.033653
1  0.615295 0.739224 0.084135 0.031255
1  0.610484 0.772876 0.084135 0.031256
1  0.628514 0.448360 0.086534 0.031246
1  0.712649 0.824557 0.076926 0.033653
1  0.610487 0.857011 0.088939 0.031255
1  0.709041 0.863021 0.074520 0.033652
1  0.710244 0.907494 0.076926 0.031256
1  0.606879 0.900282 0.086534 0.031246
1  0.705437 0.988026 0.081730 0.033652
1  0.603274 0.982011 0.084135 0.036058
1  0.729477 0.496437 0.076919 0.031246
1  0.627312 0.409896 0.088939 0.031246
1  0.746302 0.209177 0.086541 0.033652
1  0.757119 0.012061 0.088946 0.033661
1  0.753514 0.052925 0.086534 0.033652
1  0.645342 0.086577 0.081730 0.033652
1  0.642937 0.123839 0.086541 0.036058
1  0.742697 0.170713 0.079331 0.033652
1  0.639332 0.163505 0.088939 0.033653
1  0.636930 0.201964 0.079325 0.028850
1  0.629717 0.367833 0.093750 0.038464
1  0.740295 0.250041 0.079325 0.033661
1  0.633322 0.246437 0.076919 0.031246
1  0.736690 0.289703 0.091345 0.036058
1  0.734281 0.331775 0.081730 0.033652
1  0.636930 0.284896 0.084135 0.031256
1  0.627312 0.328167 0.079331 0.031246
1  0.736687 0.415906 0.086541 0.033661
1  0.936207 0.378650 0.086541 0.036058
1  0.930197 0.544514 0.088939 0.036058
1  0.935005 0.507254 0.084135 0.028841
1  0.932599 0.461577 0.084135 0.028850
1  0.933802 0.421915 0.086541 0.040869
1  0.939815 0.259659 0.084135 0.033653
1  0.947025 0.179124 0.088946 0.036058
1  0.947025 0.137061 0.084135 0.033652
1  0.924187 0.707973 0.081730 0.036058
1  0.915775 0.953170 0.084135 0.036058
1  0.918177 0.872635 0.079331 0.033652
1  0.922988 0.835379 0.074520 0.031255
1  0.188611 0.034896 0.076919 0.031256
1  0.186206 0.066148 0.067311 0.026435
1  0.191014 0.108215 0.067304 0.028850
1  0.186206 0.143070 0.067311 0.031255
1  0.096064 0.165906 0.060095 0.028850
1  0.097263 0.224800 0.052885 0.026444
7  0.987890 0.460379 0.257217 1.468752
7  0.132118 0.415906 0.228365 1.495187
7  0.384524 0.433935 0.228365 1.483167
7  0.687410 0.451964 0.252406 1.461544
1  0.346061 0.407490 0.074520 0.031246
1  0.340054 0.514466 0.067304 0.028850
1  0.337649 0.551722 0.072115 0.031246
1  0.358081 0.188742 0.064899 0.031256
1  0.350869 0.296916 0.064905 0.031256
1  0.359284 0.147877 0.057696 0.026435
1  0.416977 0.882253 0.062500 0.028850
1  0.444619 0.119032 0.064905 0.026444
1  0.444622 0.155089 0.074520 0.026444
1  0.442217 0.337785 0.074520 0.026445
1  0.436206 0.447157 0.076919 0.028841
1  0.435007 0.593789 0.069710 0.024038
1  0.412169 0.995233 0.072115 0.024029
1  0.359284 0.113022 0.072115 0.033652
1  0.362889 0.003650 0.064905 0.026444
1  0.358081 0.039703 0.064899 0.031246
1  0.070821 0.936335 0.043270 0.117787
1  0.147743 0.983214 0.072115 0.028840
1  0.080436 0.806533 0.043270 0.112985
1  0.163372 0.726002 0.069710 0.033661
1  0.085246 0.680330 0.048081 0.120193
1  0.162169 0.620234 0.072115 0.028850
1  0.181399 0.289703 0.072115 0.031246
1  0.091257 0.340186 0.055291 0.031246
1  0.086446 0.401485 0.055291 0.028841
1  0.447024 0.226003 0.079324 0.028850
1  0.438612 0.300524 0.062500 0.028850
1  0.433804 0.372635 0.067304 0.033652
1  0.337649 0.661098 0.067304 0.033652
1  0.344862 0.587780 0.062500 0.031246
1  0.420581 0.735620 0.069710 0.033652
1  0.162169 0.545712 0.067304 0.028850
1  0.175392 0.433935 0.069710 0.026435
1  0.087648 0.425519 0.057696 0.028850
1  0.086446 0.485616 0.055291 0.028850
1  0.164574 0.508456 0.072115 0.031246
1  0.081642 0.514466 0.055291 0.028850
1  0.081642 0.544510 0.050480 0.026444
1  0.081638 0.574562 0.060095 0.024039
1  0.162166 0.581770 0.062500 0.028850
1  0.331639 0.770475 0.069716 0.031246
1  0.408565 0.956770 0.064906 0.033652
1  0.325629 0.842591 0.076926 0.036058
1  0.421781 0.808934 0.062500 0.031256

