1  0.177954 0.823333 0.170681 0.146635
1  0.107041 0.750015 0.187495 0.153848
1  0.129880 0.776458 0.189900 0.158654
1  0.156317 0.799293 0.151437 0.127411
1  0.205593 0.842566 0.158653 0.137023
1  0.331802 0.569724 0.175480 0.144227
1  0.339013 0.610595 0.194712 0.163460
1  0.355834 0.647848 0.213943 0.175480
1  0.376268 0.680305 0.173074 0.144237
1  0.413534 0.699533 0.228364 0.177878
1  0.010882 0.968763 0.192306 0.158654
1  0.037330 0.991604 0.149031 0.117789
1  0.978437 0.234391 0.151437 0.185091
1  0.948386 0.252421 0.153854 0.187500
1  0.913531 0.266844 0.141827 0.168266
1  0.883487 0.289679 0.144233 0.165858
1  0.988052 0.509631 0.141827 0.168276
1  0.723630 0.355788 0.175480 0.144226
1  0.820980 0.176701 0.168263 0.141829
1  0.689972 0.334146 0.189900 0.158654
1  0.667138 0.304107 0.177885 0.146634
1  0.506079 0.431508 0.168263 0.137023
1  0.512087 0.467562 0.170681 0.132217
1  0.537327 0.490402 0.187507 0.144226

