10  0.921298 0.141225 0.098559 0.067309
1  0.167692 0.196513 0.115384 0.100960
1  0.203750 0.343148 0.100963 0.129809
1  0.284279 0.335936 0.098559 0.115386
1  0.368413 0.619590 0.165867 0.173076
1  0.322741 0.840743 0.156251 0.187502
1  0.212163 0.837137 0.108175 0.088941
1  0.494615 0.762619 0.100960 0.108174
1  0.587164 0.900841 0.117788 0.124999
7  0.129230 0.769829 0.177884 0.165864
7  0.230192 0.903244 0.173079 0.158653
7  0.767451 0.956129 0.194712 0.158655
7  0.271057 0.277041 0.245194 0.266827
7  0.433317 0.517426 0.228364 0.223557
7  0.571539 0.694109 0.177887 0.163459
7  0.672500 0.822715 0.168268 0.141827
1  0.016250 0.555888 0.081732 0.079328
1  0.367211 0.490983 0.105768 0.093751
1  0.400865 0.986176 0.072116 0.093751

