1  0.436735 0.495612 0.105769 0.115384
1  0.121833 0.276861 0.081730 0.091347
1  0.088179 0.314121 0.096153 0.103364
1  0.055727 0.350177 0.088942 0.084133
1  0.517264 0.436718 0.103365 0.112981
1  0.476398 0.469167 0.098557 0.115384
1  0.353803 0.562917 0.064904 0.072116
1  0.565342 0.579744 0.088946 0.105771
1  0.522071 0.608591 0.088942 0.105767
1  0.443947 0.675900 0.091346 0.100960
1  0.398274 0.697535 0.086538 0.100961
1  0.312938 0.588158 0.103365 0.122599
1  0.225198 0.644649 0.124999 0.139422
1  0.167505 0.251620 0.067307 0.079326
1  0.035294 0.167485 0.096153 0.108170
1  0.197553 0.215564 0.084134 0.093750
1  0.234813 0.192724 0.086538 0.096154
1  0.148275 0.083352 0.091346 0.098557
1  0.312938 0.138641 0.084134 0.093751
1  0.347793 0.102583 0.091346 0.103364
1  0.266063 0.002822 0.081730 0.091343
1  0.382649 0.071331 0.084134 0.098557
1  0.419908 0.046090 0.072115 0.081730
1  0.454764 0.012437 0.088942 0.100960
1  0.345389 0.716763 0.062500 0.072116
1  0.280486 0.792485 0.096153 0.112981
1  0.242024 0.822532 0.081730 0.091347
1  0.909093 0.130227 0.074519 0.081730
1  0.960775 0.106188 0.086538 0.096154
1  0.120631 0.755227 0.088942 0.096154
1  0.124236 0.917486 0.086538 0.108175
1  0.041304 0.817726 0.088942 0.096154
1  0.162698 0.885033 0.086538 0.100965
1  0.077362 0.773254 0.074519 0.084133
7  0.508852 0.535273 1.168268 0.978365
7  0.121833 0.203545 0.942311 0.843750
1  0.960775 0.269649 0.086538 0.100965
1  0.839381 0.198737 0.084134 0.093751
1  0.909093 0.297294 0.060096 0.064902
1  0.805728 0.227583 0.079326 0.084133
1  0.647074 0.966765 0.079327 0.086541
1  0.841785 0.981187 0.060096 0.067310
1  0.887458 0.953543 0.074519 0.084137
1  0.726401 0.903062 0.084134 0.098561
1  0.772074 0.876620 0.093750 0.108170
1  0.808132 0.841765 0.098557 0.110578
1  0.889862 0.778062 0.108173 0.122599
1  0.935535 0.754025 0.084134 0.093750
1  0.976400 0.731189 0.084134 0.096154
1  0.606207 0.558110 0.064907 0.072116
1  0.642267 0.519649 0.098557 0.105771
1  0.762459 0.424697 0.093750 0.108175
1  0.600198 0.376620 0.096157 0.108170
1  0.800920 0.389842 0.084134 0.100960
1  0.641065 0.341763 0.072115 0.086541
1  0.842987 0.363400 0.096153 0.110578
1  0.752843 0.255225 0.069711 0.081730
1  0.886256 0.333350 0.067307 0.079326

