7  0.692931 0.300157 0.718751 0.814903
7  0.201346 0.980445 0.639422 0.747596
1  0.021057 0.969629 0.081734 0.086542
1  0.178506 0.753285 0.084138 0.096156
1  0.022255 0.449197 0.122597 0.141828
1  0.071533 0.484054 0.125001 0.149040
1  0.106393 0.533334 0.103364 0.117788
1  0.155671 0.570591 0.086534 0.105766
1  0.191729 0.597033 0.091350 0.100962
1  0.222980 0.623474 0.086534 0.100961
1  0.316730 0.677561 0.076925 0.093749
1  0.140043 0.728042 0.084130 0.093749
1  0.221773 0.790542 0.074521 0.084135
1  0.087160 0.694388 0.084130 0.093749
1  0.048701 0.666745 0.093746 0.110576
1  0.299901 0.886698 0.139418 0.132213
1  0.373216 0.779726 0.122597 0.115386
1  0.275863 0.928766 0.076917 0.067307
1  0.517450 0.619870 0.146639 0.132213
1  0.722975 0.349437 0.100959 0.091347
1  0.605191 0.273716 0.076926 0.079325
1  0.634037 0.462417 0.144234 0.134615
1  0.605191 0.522513 0.144226 0.134615
1  0.564324 0.315785 0.072109 0.067308
1  0.534276 0.343428 0.108180 0.103364
1  0.511440 0.380688 0.091343 0.086542
1  0.487402 0.415543 0.086543 0.074520
1  0.564324 0.571792 0.163468 0.146637
1  0.370816 0.545351 0.084138 0.079330
1  0.421296 0.473236 0.103371 0.098554
1  0.459758 0.450398 0.084130 0.096152
1  0.778267 0.270112 0.076925 0.076922

