10  0.647663 0.432821 0.100965 0.062498
10  0.640452 0.501334 0.100966 0.055295
9  0.466175 0.265755 0.127401 0.060093
9  0.467375 0.327055 0.134618 0.062508
9  0.489011 0.581863 0.115387 0.062508
10  0.483001 0.645567 0.093748 0.055285
10  0.711363 0.803017 0.098557 0.057689
10  0.731799 0.895566 0.091346 0.060093
10  0.594779 0.950856 0.076925 0.045679
10  0.585164 0.859509 0.076918 0.050487
10  0.594779 0.996530 0.076925 0.045668
9  0.611606 0.178014 0.139421 0.067305
9  0.470984 0.202055 0.137020 0.067306
9  0.975787 0.053020 0.146632 0.072114
10  0.730595 0.941240 0.084136 0.050487
10  0.735404 0.989317 0.079333 0.050477
10  0.047905 0.839079 0.040871 0.081730
10  0.112806 0.812634 0.050483 0.091347
10  0.169299 0.810230 0.052884 0.081730
10  0.302710 0.790997 0.050483 0.076922

