2  0.169498 0.037127 0.052889 0.052883
2  0.241611 0.037127 0.052889 0.052883
2  0.329356 0.027512 0.074517 0.076928
2  0.092573 0.215011 0.153850 0.149042
2  0.566134 0.632078 0.144228 0.151442
2  0.763250 0.634485 0.149034 0.151442
2  0.978390 0.633282 0.146631 0.149035
2  0.980798 0.436167 0.151446 0.144228
2  0.978390 0.201789 0.146631 0.151442
2  0.762048 0.437367 0.151437 0.151442
2  0.567335 0.434963 0.146631 0.151436
2  0.763250 0.202992 0.149034 0.149036
2  0.564932 0.205396 0.151436 0.149042
2  0.288488 0.216212 0.146641 0.151442
2  0.092578 0.414530 0.144227 0.149042
2  0.288488 0.414530 0.146641 0.149042
2  0.044500 0.597225 0.043266 0.048076
2  0.106997 0.597225 0.048082 0.048076
2  0.170699 0.597225 0.045679 0.048076
2  0.045702 0.666935 0.045669 0.048082
2  0.108198 0.666935 0.045679 0.048082
2  0.170699 0.666935 0.045679 0.048082
2  0.231999 0.597221 0.048083 0.043268
2  0.231999 0.665731 0.043276 0.045675
2  0.295697 0.598425 0.040863 0.040861
2  0.294496 0.664531 0.038460 0.043275
2  0.353392 0.599628 0.031251 0.033653
2  0.352190 0.663331 0.033654 0.036060
2  0.566133 0.005878 0.149034 0.149042
2  0.763250 0.001070 0.149034 0.149042
2  0.978390 0.007081 0.146631 0.146635

