10  0.509258 0.945599 0.103364 0.103366
9  0.041709 0.341032 0.163462 0.163461
9  0.082575 0.901127 0.225960 0.197116
9  0.129450 0.848244 0.194713 0.182693
9  0.064546 0.698004 0.165867 0.161057
9  0.560941 0.664349 0.129808 0.127403
9  0.506853 0.610262 0.127403 0.129809
9  0.088584 0.552570 0.156250 0.158653
9  0.142671 0.520119 0.153847 0.161057
9  0.083778 0.292954 0.161057 0.158653
10  0.696757 0.397522 0.127403 0.127403
9  0.205171 0.165552 0.173077 0.163461
9  0.226805 0.856657 0.153847 0.161057
9  0.117430 0.243676 0.165864 0.170673

