9  0.039888 0.866001 0.336537 0.233174
9  0.155275 0.833547 0.370192 0.254807
9  0.180516 0.749412 0.353364 0.225961
9  0.285083 0.708548 0.389425 0.254807
9  0.565129 0.960950 0.348553 0.240381
9  0.902869 0.948932 0.336537 0.230770
9  0.881236 0.831143 0.360581 0.240381
9  0.862006 0.573932 0.360575 0.221158
9  0.745417 0.644844 0.295671 0.228365
9  0.429310 0.458547 0.379808 0.206727
9  0.466574 0.406864 0.348559 0.189903
9  0.924505 0.523451 0.346153 0.216344
9  0.619217 0.385231 0.293265 0.146637
9  0.614409 0.287873 0.370192 0.153845
9  0.947340 0.409268 0.286061 0.213945

