1  0.848627 0.955045 0.103365 0.072114
1  0.784926 0.921385 0.129803 0.076925
1  0.778918 0.813215 0.117787 0.081728
1  0.371462 0.042783 0.153846 0.127400
1  0.709203 0.714655 0.151440 0.105769
1  0.758485 0.762736 0.149039 0.100966
1  0.504878 0.284370 0.151446 0.120186
1  0.551753 0.399753 0.173076 0.115384
1  0.581801 0.456244 0.156253 0.112973
1  0.608243 0.507928 0.141831 0.105769
1  0.649109 0.552399 0.141830 0.103368
1  0.646706 0.616103 0.127408 0.096154
1  0.691177 0.656963 0.134616 0.096155

