9  0.638222 0.160782 0.276443 0.117787
9  0.512021 0.395157 0.139420 0.158653
9  0.674280 0.439628 0.199517 0.098557
9  0.628607 0.026167 0.233174 0.117789
9  0.651444 0.091071 0.235575 0.098559
9  0.686301 0.300205 0.218750 0.103366
9  0.675481 0.369917 0.192308 0.084134
9  0.709137 0.576648 0.173076 0.079325
9  0.730770 0.637946 0.153844 0.081729
9  0.750001 0.706455 0.158655 0.079327
9  0.756011 0.777369 0.165867 0.067308
9  0.774039 0.843475 0.158653 0.060095
9  0.188703 0.494918 0.079326 0.151442
9  0.323318 0.528571 0.079326 0.223557
9  0.401442 0.535783 0.086538 0.204327
10  0.633415 0.237706 0.151443 0.069710
10  0.169472 0.681216 0.069713 0.120193
9  0.044472 0.633139 0.093750 0.216346
10  0.062501 0.002129 0.086538 0.108172
10  0.094954 0.502128 0.064905 0.127404

