10  0.756157 0.132794 0.038461 0.088943
10  0.905195 0.465726 0.038461 0.091345
10  0.914812 0.357553 0.043269 0.096156
10  0.797023 0.144815 0.038461 0.088943
4  0.414812 0.337121 0.216346 0.411055
4  0.107120 0.323899 0.216347 0.418269
10  0.895581 0.141208 0.038463 0.086541
10  0.846301 0.141208 0.045674 0.096156
10  0.938849 0.142409 0.043269 0.079328
10  0.983321 0.147216 0.040864 0.079328
10  0.961686 0.361160 0.040864 0.079328
10  0.821061 0.350342 0.038463 0.076923
10  0.869138 0.352746 0.043269 0.086541
10  0.997743 0.458517 0.040866 0.081730
10  0.956878 0.462122 0.050479 0.084136
10  0.818658 0.462122 0.043271 0.084136
10  0.775387 0.459718 0.043269 0.088943

