1  0.596762 0.500519 0.084134 0.098561
1  0.541474 0.418789 0.069711 0.079326
1  0.765032 0.394750 0.088946 0.108170
1  0.747002 0.273355 0.052884 0.062503
1  0.964553 0.246914 0.088942 0.110578
1  0.888832 0.257731 0.139422 0.170674
1  0.522243 0.304606 0.060096 0.067310
1  0.696521 0.307010 0.086538 0.100965
1  0.606377 0.171191 0.079327 0.098557
1  0.672483 0.160373 0.100961 0.120191
1  0.798686 0.099076 0.064907 0.074520
1  0.559503 0.094267 0.057692 0.064902
1  0.740992 0.019750 0.069711 0.079326
1  0.358782 0.071434 0.093750 0.115385
1  0.084745 0.475278 0.050480 0.057692
1  0.059505 0.347874 0.120192 0.144233
1  0.212148 0.309413 0.060096 0.067310
1  0.142437 0.215662 0.060096 0.067310
1  0.244600 0.269750 0.062500 0.069713
1  0.188110 0.188018 0.074519 0.084137
1  0.422484 0.166384 0.062500 0.074515
1  0.355176 0.163978 0.067307 0.079326
1  0.027053 0.137538 0.084134 0.098561
1  0.072726 0.111095 0.093750 0.108170
1  0.108783 0.076240 0.098557 0.110578
1  0.304696 0.091866 0.067307 0.079326
1  0.190514 0.012538 0.108173 0.122599
1  0.317917 0.454845 0.045673 0.055289
1  0.397244 0.488500 0.045673 0.055289
1  0.469359 0.237296 0.055288 0.067310
1  0.103976 0.859895 0.084134 0.110578
1  0.144841 0.820229 0.108173 0.127405
1  0.027053 0.750519 0.074519 0.093746
1  0.072726 0.728884 0.060096 0.074520
1  0.135225 0.551001 0.064904 0.079326
1  0.418878 0.618307 0.117788 0.141830
1  0.240994 0.609893 0.084134 0.105767
1  0.024649 0.661575 0.064904 0.074520

