7  0.901719 0.355028 0.942310 0.427894
1  0.670949 0.484832 0.048076 0.139427
1  0.964219 0.260075 0.062498 0.132213
1  0.893305 0.266085 0.064900 0.144233
1  0.836813 0.278106 0.072115 0.158663
1  0.961815 0.440364 0.057689 0.137019
1  0.916142 0.449975 0.057689 0.127407
1  0.847632 0.454787 0.055291 0.112990
1  0.794747 0.466807 0.060096 0.146643
1  0.728642 0.482429 0.062498 0.144233
1  0.696190 0.296130 0.060095 0.151448
1  0.627680 0.305748 0.062502 0.146642
1  0.602441 0.499261 0.069713 0.158651
1  0.549555 0.501664 0.055287 0.144233
1  0.465421 0.500460 0.074518 0.151436
1  0.389698 0.310560 0.057693 0.146630
1  0.446190 0.810558 0.074518 0.151436
1  0.551959 0.931949 0.108175 0.048082
1  0.463017 0.993244 0.050482 0.137019
1  0.663738 0.999260 0.076920 0.192315

