1  0.153796 0.140116 0.165865 0.213940
1  0.398988 0.547568 0.146637 0.187498
1  0.248748 0.643722 0.149037 0.197116
1  0.088893 0.729057 0.151443 0.185096
1  0.015576 0.789156 0.129806 0.170674
1  0.610528 0.677375 0.122597 0.158654
1  0.562450 0.732662 0.079326 0.100963
1  0.469902 0.769923 0.129806 0.165866
1  0.379757 0.816798 0.127406 0.163459
1  0.246345 0.884106 0.125000 0.163464
1  0.162210 0.929781 0.120194 0.158654
1  0.106921 0.999493 0.129806 0.173076
7  0.257161 0.749491 0.920674 0.750003

