1  0.021488 0.495955 0.096156 0.060096
1  0.818362 0.507979 0.031250 0.079333
1  0.790716 0.501970 0.024041 0.062502
1  0.739037 0.506776 0.031250 0.081739
1  0.553939 0.503172 0.064906 0.088947
1  0.485428 0.488747 0.057696 0.079324
1  0.376053 0.488747 0.060095 0.074512
1  0.339996 0.483941 0.060101 0.074522
1  0.856824 0.676245 0.079325 0.084135
1  0.859227 0.748361 0.031250 0.088947
1  0.802736 0.652211 0.062501 0.064899
1  0.513074 0.981534 0.026446 0.064899
1  0.543121 0.987544 0.038460 0.081729
1  0.474614 0.959901 0.040865 0.074522
1  0.767882 0.655815 0.079331 0.076918
1  0.443361 0.690670 0.036061 0.112985
1  0.377256 0.675047 0.038459 0.115382
1  0.596006 0.654617 0.038460 0.069710
1  0.632064 0.654612 0.043264 0.060097
1  0.689757 0.733936 0.028851 0.084135
1  0.621246 0.727926 0.031250 0.072116
1  0.731824 0.742356 0.026446 0.057691

