1  0.077602 0.272837 0.122597 0.233170
1  0.178564 0.296871 0.084131 0.194712
1  0.287940 0.286062 0.091346 0.192316
1  0.060775 0.539665 0.074522 0.161059
1  0.236257 0.514426 0.088944 0.192316
1  0.343227 0.506013 0.076924 0.194712
1  0.370872 0.264424 0.074518 0.201915
1  0.473036 0.237986 0.076924 0.182691
1  0.570390 0.215144 0.098558 0.180294
1  0.523516 0.473559 0.091342 0.187498
1  0.703804 0.448320 0.086542 0.185101
7  0.305968 0.383412 0.939903 0.550484
1  0.108853 0.945916 0.084135 0.185101
1  0.209815 0.938707 0.079327 0.165865
1  0.291546 0.930294 0.084135 0.182691
1  0.382890 0.906253 0.088944 0.182691
1  0.471833 0.902645 0.088940 0.185089
1  0.571591 0.897840 0.072115 0.151435
1  0.655727 0.882212 0.086538 0.192303
1  0.772314 0.979568 0.146638 0.353362
1  0.797553 0.441111 0.120191 0.199518
1  0.756689 0.201931 0.105769 0.211538
1  0.662940 0.210338 0.115386 0.242781
1  0.031929 0.954328 0.069713 0.173068

