10  0.201552 0.220773 0.086537 0.108169
10  0.109001 0.169090 0.088942 0.100962
10  0.064530 0.142648 0.081732 0.105771
10  0.026073 0.117407 0.086537 0.103361
10  0.824150 0.289283 0.105770 0.124999
10  0.771265 0.265243 0.096153 0.120196
10  0.727993 0.236398 0.096153 0.120196
10  0.681119 0.203946 0.093748 0.108175
10  0.362607 0.034474 0.096153 0.115388
10  0.246023 0.247214 0.079326 0.103361
10  0.283284 0.271254 0.091348 0.108175
10  0.330158 0.307312 0.079332 0.088941
10  0.431119 0.342165 0.098559 0.120191
10  0.477993 0.372216 0.081732 0.103366
10  0.523667 0.399859 0.081725 0.105770
10  0.569338 0.415484 0.091348 0.112978
10  0.609004 0.445532 0.084137 0.105765
10  0.657078 0.473175 0.103364 0.127404
10  0.699147 0.492406 0.091348 0.108175
10  0.790492 0.548895 0.081732 0.100962
10  0.837369 0.568129 0.084131 0.105770
10  0.878234 0.592166 0.088942 0.105770
10  0.981599 0.610195 0.093754 0.117786

