1  0.080911 0.992269 0.199521 0.062507
10  0.400623 0.094436 0.036058 0.079328
10  0.403028 0.189384 0.036058 0.072106
10  0.410238 0.278328 0.031251 0.062495
10  0.415047 0.375681 0.036058 0.079328
10  0.427067 0.546358 0.036058 0.069706
10  0.428267 0.729050 0.033657 0.069717
10  0.427067 0.640106 0.036058 0.079328
1  0.691486 0.680970 0.036058 0.108170
1  0.648218 0.697796 0.050478 0.180286
1  0.589325 0.369671 0.086536 0.028842
1  0.596537 0.465830 0.091347 0.052885
1  0.654228 0.551163 0.110575 0.040875
1  0.555670 0.610053 0.100966 0.264425
1  0.585718 0.991069 0.093748 0.314910
1  0.591728 0.426161 0.091343 0.045674
1  0.585718 0.339623 0.084135 0.031253
1  0.576105 0.286738 0.084135 0.031253
1  0.543651 0.000682 0.081729 0.036053
1  0.564083 0.053566 0.112980 0.050474
1  0.583315 0.123278 0.079328 0.036064
1  0.580912 0.154526 0.084135 0.036053
1  0.567689 0.207416 0.091343 0.050485
1  0.572496 0.257890 0.086541 0.026443

