10  0.766967 0.853050 0.108169 0.103366
10  0.831871 0.875885 0.098559 0.081728
10  0.881148 0.908337 0.086537 0.079324
10  0.934036 0.939587 0.105770 0.098558
10  0.983312 0.964826 0.098559 0.091345
9  0.619129 0.107859 0.336537 0.233174
9  0.734515 0.075404 0.370192 0.254807
9  0.967688 0.301365 0.269227 0.197116
10  0.033792 0.444393 0.122597 0.098558
10  0.109515 0.461223 0.125003 0.093749
10  0.170811 0.508095 0.122597 0.100962
10  0.212879 0.547760 0.125003 0.103366
10  0.241729 0.588626 0.120192 0.098558
10  0.284998 0.624685 0.115387 0.103366
10  0.361921 0.635498 0.120192 0.100962
10  0.492929 0.684780 0.108169 0.088941
10  0.531392 0.718434 0.122597 0.098558
10  0.587879 0.742471 0.110575 0.093749
10  0.621534 0.779731 0.115387 0.096154
10  0.699657 0.820596 0.132214 0.124999

