9  0.443217 0.617235 0.105768 0.103366
9  0.545381 0.289110 0.108175 0.100962
9  0.564612 0.316754 0.108172 0.103364
9  0.615092 0.135264 0.103364 0.105771
9  0.250909 0.398485 0.110579 0.108174
9  0.271342 0.427331 0.108172 0.103364
9  0.294178 0.452572 0.110576 0.105769
9  0.343458 0.507861 0.108175 0.100961
9  0.368698 0.534302 0.110579 0.100961
9  0.398746 0.554735 0.093750 0.088941
9  0.425188 0.583581 0.103367 0.098557
9  0.474467 0.643677 0.105768 0.098559
9  0.585044 0.763869 0.105768 0.103364
9  0.605477 0.809543 0.103367 0.098556
9  0.634323 0.835985 0.108175 0.108174
9  0.654756 0.866032 0.105768 0.100962
9  0.754516 0.529495 0.108175 0.105769
9  0.779756 0.557139 0.105771 0.098559
9  0.801391 0.587186 0.105768 0.100961
9  0.520141 0.262669 0.105771 0.100962
9  0.494899 0.233822 0.112980 0.110577
9  0.469659 0.209783 0.115384 0.105769
9  0.448025 0.179735 0.110576 0.103366
9  0.069420 0.235024 0.122597 0.040867
9  0.324227 0.048724 0.112980 0.105769
9  0.350669 0.072764 0.108172 0.105771
9  0.374707 0.099206 0.108172 0.100964
9  0.399948 0.124447 0.105771 0.098559
9  0.425188 0.154494 0.108175 0.100961
9  0.826631 0.614831 0.103364 0.103364
9  0.849467 0.646081 0.115384 0.108172
9  0.873505 0.670120 0.110576 0.103366
9  0.891534 0.702572 0.103367 0.096154
9  0.916775 0.727812 0.115384 0.108172

