10  0.707642 0.981508 0.072115 0.088943
10  0.018942 0.726700 0.074521 0.084136
10  0.074230 0.809634 0.079328 0.096154
10  0.326635 0.226701 0.098557 0.117791
10  0.423988 0.175020 0.086537 0.100962
10  0.260528 0.128145 0.091348 0.103365
10  0.311008 0.107710 0.086537 0.100962
10  0.351874 0.080068 0.091344 0.108172
10  0.395143 0.050018 0.081731 0.096154
10  0.440816 0.024778 0.072115 0.088939
10  0.482884 0.000739 0.074518 0.088943
10  0.583844 0.064440 0.074518 0.091347
10  0.623508 0.031991 0.072115 0.084136
10  0.515334 0.499538 0.096154 0.110576
10  0.597067 0.434635 0.081731 0.096154
10  0.456441 0.408191 0.088944 0.110576
10  0.579038 0.318046 0.093751 0.108173
10  0.891537 0.087279 0.098561 0.103365
10  0.980480 0.039202 0.088945 0.098558
10  0.962450 0.182231 0.081731 0.091347
10  0.922786 0.202662 0.079328 0.088943
10  0.881922 0.245932 0.074518 0.098558
10  0.778557 0.181030 0.088941 0.098558
10  0.744903 0.217084 0.079324 0.093751
10  0.705239 0.239923 0.086541 0.100962
10  0.768940 0.334876 0.079328 0.088943
10  0.689615 0.388962 0.088945 0.105769
10  0.954037 0.791607 0.093751 0.108173
10  0.910768 0.830065 0.093751 0.112980
10  0.772547 0.613720 0.091348 0.112980
10  0.817019 0.578863 0.084134 0.096154
10  0.896345 0.519969 0.093751 0.112980
10  0.984084 0.473094 0.096154 0.110576

