9  0.372203 0.318632 0.134611 0.156249
9  0.047685 0.328247 0.129804 0.151441
9  0.283261 0.329448 0.134611 0.149038
9  0.455136 0.328247 0.127402 0.151441
9  0.540473 0.321036 0.129805 0.151441
9  0.848164 0.340266 0.129811 0.151441
9  0.766436 0.342671 0.124998 0.151446
9  0.687107 0.336659 0.124998 0.149039
9  0.611387 0.333056 0.132214 0.151441
9  0.485184 0.515746 0.129805 0.151441
9  0.563308 0.522959 0.127407 0.156249
9  0.649846 0.515749 0.127407 0.156249
9  0.731578 0.519352 0.127407 0.153848
9  0.892635 0.519354 0.132208 0.158656
9  0.959944 0.542190 0.132214 0.161053
9  0.404654 0.521756 0.132208 0.158656
9  0.327732 0.510940 0.127407 0.156249
9  0.244798 0.521758 0.125004 0.153847
9  0.158260 0.526565 0.134617 0.153842
9  0.076531 0.524160 0.124998 0.153848

