10  0.543459 0.859066 0.091344 0.050479
10  0.520624 0.639114 0.088941 0.052889
10  0.452112 0.319404 0.105768 0.048079
10  0.432882 0.187191 0.100962 0.057689
10  0.426875 0.117477 0.098559 0.057699
10  0.393218 0.005699 0.084135 0.055280
9  0.209325 0.121082 0.067308 0.127408
9  0.154036 0.131902 0.052884 0.100968
9  0.053074 0.176371 0.052884 0.108169
9  0.412451 0.065793 0.127407 0.079329
9  0.517020 0.741278 0.124998 0.064899
9  0.502593 0.599450 0.100962 0.050479
9  0.476151 0.492477 0.115386 0.076929
9  0.470144 0.435987 0.122595 0.069709
9  0.436490 0.256900 0.117789 0.072109

