1  0.169074 0.318483 0.064903 0.100961
1  0.233980 0.295647 0.069711 0.112978
1  0.303689 0.277616 0.088939 0.149038
1  0.373400 0.252378 0.064903 0.098561
1  0.438306 0.218722 0.069711 0.122594
1  0.250804 0.594924 0.084136 0.168266
1  0.333739 0.561271 0.086538 0.168272
1  0.405852 0.734346 0.043269 0.125000
1  0.486381 0.740359 0.050484 0.170672
1  0.108977 0.338916 0.060095 0.093750
1  0.827728 0.927856 0.098555 0.132211
1  0.889026 0.322089 0.129812 0.189905
1  0.753208 0.405019 0.117788 0.187499
1  0.648641 0.399013 0.081729 0.132211
1  0.578930 0.460310 0.100962 0.177883
1  0.625806 0.174250 0.060095 0.086539
1  0.687102 0.138195 0.072113 0.105772
1  0.759217 0.135789 0.052885 0.086539
1  0.813306 0.103339 0.069712 0.112983

