1  0.369739 0.658873 0.146633 0.115385
1  0.033202 0.895652 0.093749 0.074519
1  0.086086 0.811519 0.088943 0.084134
1  0.114933 0.761037 0.088943 0.069712
1  0.137768 0.730990 0.072115 0.057693
1  0.296422 0.744210 0.100962 0.074519
1  0.225509 0.833153 0.055291 0.050479
1  0.199067 0.649259 0.084137 0.062499
1  0.219499 0.601181 0.105772 0.096154
1  0.654595 0.866807 0.081731 0.064903
1  0.720701 0.803105 0.127406 0.100963
1  0.768778 0.712960 0.098559 0.079325
1  0.792817 0.679308 0.088943 0.069712
1  0.815652 0.616806 0.076921 0.064903
1  0.884163 0.547096 0.088943 0.064903
1  0.201471 0.911277 0.103365 0.086539
7  0.144979 0.905267 0.778846 1.007212
7  0.807240 0.795894 0.675481 0.865382
1  0.250747 0.566327 0.081731 0.064903
1  0.277191 0.468969 0.062500 0.057692
1  0.842094 0.593970 0.086537 0.076923
1  0.921422 0.450941 0.072119 0.055288

