9  0.611941 0.409077 0.098562 0.175482
9  0.667226 0.395854 0.103366 0.182699
9  0.729730 0.379031 0.112982 0.173076
9  0.787422 0.369413 0.108169 0.182690
9  0.854725 0.356194 0.103365 0.175482
9  0.911220 0.341768 0.105767 0.180293
9  0.968912 0.324945 0.105777 0.175482
9  0.947278 0.513645 0.086544 0.163462
9  0.882372 0.526864 0.081732 0.165859
9  0.765788 0.555712 0.079330 0.161056
9  0.954488 0.850179 0.100964 0.173076
9  0.890787 0.862199 0.098562 0.177888
9  0.825881 0.875422 0.093749 0.175482
9  0.242952 0.492007 0.096151 0.173076
9  0.304250 0.477589 0.093749 0.173076
9  0.364344 0.463164 0.098562 0.173076
9  0.423236 0.452346 0.096151 0.175482
9  0.484535 0.436722 0.098553 0.177879
9  0.545834 0.419895 0.100954 0.177887
9  0.394393 0.639844 0.091338 0.165867
9  0.610735 0.744412 0.177883 0.100955
9  0.185255 0.507635 0.091348 0.175482
9  0.128769 0.520854 0.093750 0.168273
9  0.056654 0.542489 0.088946 0.177879
9  0.004971 0.555712 0.091348 0.170678
9  0.032613 0.726386 0.079330 0.156253
9  0.710493 0.907873 0.103365 0.173076
9  0.649199 0.919894 0.096151 0.177887
9  0.586700 0.934319 0.100954 0.173076
9  0.348719 0.989608 0.096151 0.173076

