1  0.000100 0.623586 0.096154 0.050482
1  0.014522 0.576709 0.100960 0.052883
1  0.021735 0.531037 0.096154 0.052883
1  0.989281 0.940893 0.141828 0.069710
1  0.977263 0.992576 0.141825 0.067308
1  0.353463 0.607960 0.120194 0.062502
1  0.357070 0.552671 0.098559 0.048077
1  0.312598 0.479354 0.197114 0.088943
1  0.224858 0.528634 0.112983 0.062499
1  0.229666 0.575508 0.108170 0.060094
1  0.232071 0.624788 0.093749 0.048077
1  0.334233 0.708922 0.115384 0.062499
1  0.155146 0.932480 0.103368 0.052883
1  0.348657 0.658442 0.120194 0.057692
1  0.322215 0.759402 0.100960 0.052883
1  0.186396 0.839931 0.093750 0.050482
1  0.316205 0.815893 0.098559 0.050479
1  0.301781 0.967335 0.117789 0.055288
1  0.316203 0.865171 0.127404 0.067308
1  0.176781 0.889210 0.098559 0.052886
1  0.193609 0.796662 0.098555 0.050479
1  0.696010 0.897624 0.127404 0.064903
1  0.675580 0.952912 0.120194 0.060094
1  0.741685 0.676469 0.156253 0.069712
1  0.727262 0.789451 0.146638 0.074519
1  0.628703 0.591134 0.137019 0.076923
1  0.202023 0.752190 0.096154 0.048077
1  0.193609 0.706519 0.108174 0.057693
1  0.587838 0.646422 0.117789 0.062502
1  0.539761 0.952913 0.108174 0.055288
1  0.550581 0.902431 0.115384 0.060097
1  0.560194 0.851950 0.105769 0.055288
1  0.575819 0.747382 0.112979 0.057693
1  0.584233 0.696902 0.105769 0.052886

