1  0.668631 0.206288 0.110575 0.043266
1  0.554449 0.201481 0.093750 0.033652
1  0.543631 0.248355 0.096155 0.036058
1  0.673439 0.255567 0.100960 0.040860
1  0.614544 0.307253 0.218750 0.067304
1  0.953487 0.320471 0.122595 0.040869
1  0.679449 0.160616 0.098561 0.043266
1  0.554449 0.161814 0.093750 0.036058
1  0.556851 0.113742 0.088946 0.040860
1  0.558054 0.068070 0.105770 0.040860
1  0.684253 0.009176 0.112980 0.048077
1  0.556851 0.024800 0.098554 0.036058
1  0.678246 0.059655 0.110575 0.038464
1  0.026803 0.064466 0.081730 0.033652
1  0.026803 0.149800 0.081730 0.031256
1  0.020793 0.182254 0.074520 0.033652
1  0.286421 0.288022 0.158656 0.052879
1  0.221513 0.237539 0.081730 0.033652
1  0.329688 0.200278 0.081730 0.036058
1  0.335695 0.118548 0.084135 0.040869
1  0.229931 0.111336 0.084135 0.031256
1  0.342908 0.034413 0.088939 0.031246
1  0.237141 0.029611 0.084135 0.036058
1  0.755169 0.949079 0.076919 0.028850
1  0.655409 0.977924 0.069710 0.028840
1  0.661419 0.944272 0.076919 0.028841
1  0.659017 0.867344 0.067304 0.033652
1  0.762382 0.874557 0.076926 0.028850
1  0.759976 0.795233 0.076926 0.028850
1  0.761179 0.754364 0.074520 0.028850
1  0.666226 0.753166 0.072115 0.031246
1  0.945071 0.761576 0.072115 0.033652
1  0.942669 0.879364 0.076919 0.033652
1  0.941470 0.914224 0.074520 0.031255
1  0.466709 0.863741 0.081730 0.031256
1  0.421033 0.695470 0.149041 0.045672
1  0.467912 0.785615 0.079325 0.028840
1  0.366949 0.782011 0.088940 0.031256
1  0.364543 0.860137 0.088939 0.038464
1  0.463101 0.941866 0.084135 0.028841
1  0.059256 0.928644 0.084135 0.031246
1  0.166229 0.935857 0.086541 0.031256
1  0.169833 0.888982 0.079331 0.028850
1  0.055651 0.888982 0.096156 0.028850
1  0.106131 0.681050 0.182696 0.050474
1  0.365746 0.495954 0.096155 0.117787
1  0.172235 0.735132 0.088946 0.033652
1  0.172235 0.774799 0.084135 0.031246
1  0.056853 0.727924 0.074520 0.028841
1  0.062864 0.769992 0.081730 0.031256
1  0.065266 0.809654 0.086534 0.033652
1  0.064066 0.851722 0.084135 0.031256

