10  0.415775 0.100320 0.108174 0.064906
10  0.515537 0.554647 0.096151 0.060099
10  0.549189 0.654405 0.110574 0.067310
10  0.495102 0.513781 0.103362 0.064906
10  0.485491 0.457289 0.108174 0.057691
10  0.475873 0.406809 0.103362 0.067306
10  0.462653 0.353925 0.091345 0.067306
10  0.454239 0.298638 0.108174 0.067306
10  0.448227 0.251761 0.144232 0.074521
10  0.442218 0.206090 0.103368 0.060095
10  0.400151 0.047436 0.110574 0.069713
10  0.555198 0.703684 0.112980 0.060099
10  0.561209 0.816665 0.091345 0.050480

