10  0.168281 0.191694 0.112981 0.098558
10  0.187511 0.147223 0.103364 0.081733
10  0.217557 0.091937 0.110582 0.076925
10  0.234385 0.039051 0.115380 0.086537
10  0.128615 0.234965 0.125003 0.108175
10  0.111788 0.285443 0.110582 0.103366
10  0.068519 0.326310 0.100965 0.088941
10  0.039673 0.355155 0.091348 0.098558
10  0.019240 0.411647 0.117792 0.105765
10  0.021642 0.232561 0.122597 0.093749
10  0.627412 0.091934 0.103364 0.096154
10  0.402653 0.267417 0.105770 0.096153
10  0.325730 0.404437 0.115387 0.096154
10  0.444719 0.409245 0.112981 0.096153
10  0.344963 0.359964 0.115386 0.103366
9  0.368998 0.310688 0.125003 0.100962
10  0.473565 0.369581 0.117786 0.103366
10  0.500006 0.316693 0.112981 0.093749
10  0.425492 0.218135 0.112981 0.098558
10  0.520442 0.271023 0.110575 0.093749
10  0.543278 0.224146 0.108170 0.086537
10  0.463952 0.172465 0.103371 0.084132
10  0.579335 0.177274 0.108176 0.093749
10  0.477174 0.125588 0.120192 0.096154
10  0.502412 0.081120 0.108170 0.093749
10  0.415875 0.453713 0.108170 0.093749
10  0.394242 0.502995 0.112981 0.096154
10  0.369002 0.554675 0.110575 0.093749
10  0.354577 0.599148 0.105770 0.091345
10  0.320925 0.640012 0.115386 0.096159
10  0.284864 0.685685 0.091342 0.081728
10  0.259623 0.737368 0.112981 0.093755
10  0.236787 0.785445 0.110575 0.088941
10  0.219963 0.829915 0.091348 0.076925
10  0.134626 0.721743 0.112981 0.096154
10  0.167078 0.683281 0.115386 0.086537
10  0.193519 0.632802 0.120192 0.096154
10  0.217557 0.582321 0.110582 0.081733
10  0.239193 0.539053 0.115387 0.096153
10  0.282462 0.501793 0.105770 0.093749
9  0.290875 0.450109 0.132208 0.110574
10  0.039673 0.177274 0.110581 0.093749
10  0.061308 0.130396 0.110575 0.096154
10  0.075730 0.083522 0.129808 0.103361
10  0.116596 0.042658 0.120198 0.103366
10  0.594960 0.130396 0.105770 0.091345
10  0.524045 0.035445 0.112981 0.088941
10  0.772845 0.363570 0.115381 0.091345
10  0.664673 0.535447 0.105764 0.098558
10  0.812508 0.502995 0.108176 0.086537
10  0.719963 0.444099 0.120192 0.103361
10  0.756018 0.405639 0.100959 0.088941
10  0.848569 0.462128 0.117786 0.096154
10  0.867799 0.414048 0.117793 0.100962
10  0.802895 0.303475 0.141825 0.115387
10  0.905056 0.361166 0.129808 0.105770
10  0.939914 0.319100 0.132214 0.112978
10  0.834144 0.267417 0.108170 0.100962
10  0.866596 0.210928 0.105763 0.093749
10  0.955539 0.271023 0.115386 0.088941
10  0.917075 0.059485 0.125003 0.122595
10  0.640634 0.579914 0.100964 0.091345
10  0.734385 0.637608 0.105770 0.091350
10  0.715155 0.684483 0.129808 0.108175
10  0.615393 0.623185 0.112981 0.100962
10  0.588952 0.677270 0.127409 0.098558
10  0.676692 0.727754 0.115381 0.093749
10  0.566114 0.726551 0.110575 0.091345
10  0.650251 0.775828 0.110575 0.088941
10  0.635826 0.822705 0.120192 0.100962
10  0.533664 0.769820 0.108175 0.091350
10  0.508423 0.810684 0.110582 0.096153
10  0.620201 0.870779 0.108176 0.100962
10  0.578136 0.909242 0.110575 0.105770
10  0.494002 0.862367 0.086537 0.079329
10  0.454335 0.902032 0.108169 0.105765
9  0.424289 0.950108 0.129808 0.100962
9  0.566117 0.969337 0.120192 0.100962
10  0.909864 0.850348 0.120192 0.098558

