1  0.966731 0.735686 0.108177 0.117787
14  0.931873 0.515732 0.115383 0.110570
1  0.589328 0.381118 0.088941 0.100968
14  0.042449 0.226064 0.091344 0.098558
14  0.465528 0.025346 0.134618 0.139427
14  0.560479 0.210443 0.093755 0.105776
14  0.690289 0.335442 0.093745 0.110583
1  0.423460 0.085445 0.074520 0.072124
1  0.252788 0.098662 0.112980 0.117787
1  0.221538 0.145543 0.132206 0.139427
1  0.133797 0.296983 0.120196 0.124992
1  0.632597 0.406360 0.055284 0.060099
1  0.716730 0.512123 0.137020 0.127403
1  0.541249 0.610681 0.098549 0.098558
1  0.451102 0.512123 0.153844 0.175476
1  0.653029 0.718854 0.057696 0.060099
14  0.179469 0.641935 0.105775 0.098558
14  0.050865 0.789772 0.084138 0.086533
14  0.541249 0.998907 0.266824 0.288456
1  0.008802 0.417174 0.086540 0.100955

