1  0.920230 0.066556 0.117791 0.043275
1  0.753165 0.066556 0.163460 0.057691
1  0.413019 0.506459 0.170669 0.057691
1  0.346914 0.568962 0.129811 0.048068
1  0.497155 0.564155 0.112980 0.038454
1  0.494749 0.618237 0.117791 0.045671
1  0.343310 0.644681 0.112980 0.040860
1  0.339702 0.698773 0.129804 0.048078
1  0.493547 0.669923 0.110575 0.048078
1  0.491144 0.721604 0.110581 0.040869
1  0.498354 0.769681 0.129811 0.055286
1  0.342107 0.770884 0.134615 0.052879
1  0.342107 0.828580 0.134615 0.048078
1  0.497151 0.822565 0.127406 0.045671
1  0.333692 0.900691 0.141825 0.052879
1  0.330087 0.959589 0.139426 0.045671
1  0.754365 0.958382 0.112980 0.038464
1  0.887777 0.964396 0.115385 0.040869
1  0.886574 0.918720 0.112980 0.040860
1  0.757969 0.915116 0.105770 0.038463
1  0.766382 0.865836 0.103365 0.040869
1  0.884172 0.869444 0.098554 0.038463
1  0.761577 0.818962 0.098554 0.043275
1  0.892584 0.824971 0.100960 0.040860
1  0.897392 0.772087 0.110575 0.040869
1  0.763979 0.767280 0.098561 0.040860
1  0.763979 0.722807 0.108169 0.038463
1  0.892584 0.726416 0.105770 0.036058
1  0.767588 0.669923 0.110575 0.043266
1  0.891385 0.673527 0.098561 0.036058
1  0.892588 0.629058 0.096156 0.038464
1  0.769990 0.621846 0.100960 0.043266
1  0.773594 0.573769 0.117791 0.043266
1  0.488739 0.970406 0.129811 0.043266
1  0.486334 0.873048 0.125000 0.040860
1  0.485134 0.923526 0.112980 0.040869

