9  0.549935 0.681300 0.391823 0.283652
9  0.599216 0.618799 0.384611 0.278844
9  0.698974 0.606780 0.276443 0.206730
9  0.712194 0.526249 0.283655 0.218752
9  0.744649 0.462548 0.391823 0.298079
9  0.759070 0.372402 0.396634 0.295673
9  0.810753 0.318316 0.278844 0.206730
9  0.905704 0.289471 0.271639 0.206730
9  0.929746 0.228175 0.396634 0.276443
9  0.512677 0.746202 0.418263 0.283656
9  0.475419 0.805098 0.401444 0.276443
9  0.485033 0.906057 0.286064 0.218752
9  0.456187 0.973366 0.281253 0.218747
10  0.287917 0.943317 0.093744 0.081729

