10  0.662775 0.571908 0.096145 0.043265
10  0.494503 0.801467 0.033659 0.069708
10  0.444022 0.801468 0.038461 0.079329
10  0.381521 0.803873 0.038460 0.084139
10  0.220460 0.788246 0.048080 0.086529
10  0.168782 0.785848 0.040854 0.081734
10  0.115893 0.781038 0.040869 0.081734
10  0.897145 0.833924 0.036067 0.086544
10  0.956041 0.844739 0.048065 0.093745
10  0.897145 0.406041 0.040855 0.086546
10  0.950034 0.422863 0.036052 0.091356
10  0.852678 0.170459 0.043263 0.086546
10  0.963251 0.061087 0.038461 0.088934

