10  0.476556 0.460047 0.084138 0.093750
10  0.168863 0.123510 0.093749 0.098564
10  0.198905 0.173991 0.086543 0.093750
10  0.232561 0.208850 0.086543 0.086539
10  0.265013 0.255720 0.098550 0.103369
10  0.303474 0.284571 0.088938 0.093751
10  0.338332 0.320629 0.081723 0.093751
10  0.371987 0.359084 0.086533 0.093750
10  0.673666 0.731679 0.084138 0.093751
10  0.000588 0.779758 0.098560 0.103369
10  0.075109 0.859085 0.103361 0.103369
10  0.036648 0.826633 0.098560 0.096157
10  0.119583 0.083846 0.091344 0.096148
10  0.051070 0.015336 0.093749 0.093750
10  0.570300 0.381923 0.127405 0.139427
10  0.975349 0.479279 0.091354 0.088946
10  0.948910 0.433607 0.086543 0.088936
10  0.965733 0.854280 0.086533 0.088946

