9  0.359125 0.359037 0.197114 0.221160
9  0.446862 0.338601 0.194712 0.204329
9  0.624749 0.353027 0.185097 0.204329
9  0.704076 0.347017 0.189908 0.197120
9  0.806239 0.359037 0.192310 0.197120
9  0.793017 0.956395 0.189900 0.189903
9  0.879557 0.949183 0.199515 0.199517
9  0.704076 0.955193 0.189908 0.211537
9  0.607921 0.944372 0.170670 0.199518
9  0.379560 0.545336 0.204327 0.180289
9  0.484121 0.542930 0.192310 0.180289
9  0.573067 0.554950 0.201918 0.175478
9  0.670419 0.552544 0.194712 0.170667
9  0.742540 0.563362 0.204327 0.182695
9  0.855516 0.569371 0.194712 0.170675
9  0.949269 0.575381 0.199523 0.177884
9  0.309845 0.916732 0.189901 0.201923
9  0.420422 0.931149 0.180293 0.197112
9  0.518983 0.938366 0.185097 0.201923

