1  0.140251 0.876715 0.081732 0.050483
1  0.032079 0.911571 0.086537 0.052886
1  0.148667 0.918783 0.074524 0.048075
1  0.164290 0.956043 0.081732 0.050480
1  0.176309 0.993302 0.086537 0.048078
1  0.128232 0.840658 0.086537 0.050483
1  0.117417 0.802196 0.079323 0.045675
1  0.015254 0.834649 0.081732 0.048077
1  0.070542 0.643542 0.081726 0.050483
1  0.004436 0.456042 0.079329 0.050480
1  0.021261 0.493303 0.084134 0.052886
1  0.032079 0.531764 0.086537 0.052883
1  0.046503 0.570225 0.086543 0.052883
1  0.059724 0.608686 0.079323 0.052886
1  0.005638 0.794985 0.076926 0.045675
1  0.075350 0.686812 0.076926 0.050480
1  0.094580 0.724071 0.091348 0.057695
1  0.514051 0.701235 0.122595 0.074521
1  0.452753 0.974070 0.081726 0.048077
1  0.544099 0.798590 0.115381 0.067309
1  0.416696 0.809408 0.086543 0.055286
1  0.526070 0.748110 0.112984 0.067309
1  0.492418 0.650754 0.112978 0.064906
1  0.474389 0.599072 0.100959 0.067309
1  0.464773 0.548590 0.110581 0.067306
1  0.338568 0.571427 0.093751 0.060095
1  0.324149 0.530561 0.103367 0.064906
1  0.294098 0.452437 0.110575 0.062498
1  0.278472 0.411572 0.098556 0.052883
1  0.277271 0.370706 0.091348 0.057695
7  0.981598 0.921187 0.721152 1.533654
1  0.414293 0.350273 0.120192 0.064903
1  0.684722 0.263735 0.141828 0.079326
1  0.826550 0.208446 0.137022 0.079326
1  0.848186 0.266138 0.117789 0.074520
1  0.808521 0.666380 0.134614 0.076923
1  0.702754 0.315417 0.139425 0.076923
1  0.862607 0.316618 0.146633 0.079326
1  0.735207 0.411572 0.141828 0.076923
1  0.903473 0.438014 0.127406 0.076921
1  0.920301 0.494504 0.137022 0.084135
1  0.766457 0.511331 0.132211 0.074520
1  0.795301 0.614696 0.122601 0.069712
1  0.828955 0.714456 0.127406 0.072115
1  0.959965 0.609889 0.134614 0.079326
1  0.977994 0.660369 0.137022 0.079326
1  0.869821 0.863495 0.127400 0.076923

