1  0.979397 0.450219 0.062499 0.168266
1  0.983006 0.624498 0.045675 0.122596
1  0.918102 0.630507 0.040865 0.091344
1  0.862811 0.461036 0.064900 0.156250
1  0.873631 0.640122 0.033654 0.076922
1  0.812333 0.650939 0.045675 0.112983
1  0.797911 0.465844 0.074520 0.194711
1  0.694543 0.493487 0.060091 0.124999
1  0.700554 0.658150 0.052886 0.132212
1  0.636851 0.509113 0.060098 0.151444
1  0.585168 0.515121 0.062506 0.134615
7  0.557521 0.580025 1.396636 0.504809
1  0.985407 0.989882 0.045675 0.117789
1  0.585169 0.673776 0.038464 0.096154
1  0.544303 0.685796 0.043267 0.091348
1  0.533486 0.521131 0.064900 0.146634
1  0.434928 0.537958 0.060090 0.132212
1  0.082762 0.063198 0.134617 0.096154
1  0.430119 0.696613 0.055288 0.117789
1  0.373627 0.706228 0.048076 0.108173
1  0.319543 0.715844 0.055288 0.122599
1  0.259449 0.729065 0.036056 0.105770
1  0.378440 0.546373 0.052886 0.115383
1  0.325554 0.552382 0.067309 0.146634
1  0.270266 0.553584 0.057689 0.124999
1  0.222186 0.565603 0.062499 0.124999
1  0.147670 0.730268 0.038464 0.093751
1  0.118822 0.584833 0.052879 0.115383
1  0.064738 0.578824 0.055288 0.137022
1  0.014257 0.592045 0.060097 0.139425
1  0.035890 0.759113 0.036056 0.074519

