1  0.380911 0.589679 0.091347 0.072117
1  0.481871 0.661796 0.072112 0.033655
1  0.374899 0.652178 0.084135 0.033655
1  0.483074 0.701456 0.079329 0.031250
1  0.492689 0.789198 0.122596 0.038462
1  0.374901 0.771170 0.088942 0.031255
1  0.367687 0.807226 0.084135 0.036056
1  0.353267 0.894966 0.108172 0.038462
1  0.350862 0.940640 0.112984 0.038462
1  0.349659 0.991123 0.110578 0.043268
1  0.490286 0.998333 0.112979 0.038462
1  0.498698 0.941843 0.129804 0.050481
1  0.498698 0.834872 0.110578 0.038462
1  0.085237 0.546411 0.081734 0.033655
1  0.088843 0.622132 0.093748 0.036061
1  0.079228 0.699053 0.079329 0.036056
1  0.079225 0.779583 0.084135 0.033655
1  0.079228 0.864919 0.088942 0.036056
1  0.086438 0.964680 0.108172 0.033655
1  0.080428 0.584873 0.072117 0.033655

