1  0.069128 0.995190 0.069713 0.120192
1  0.081147 0.850960 0.060094 0.096154
1  0.036675 0.872593 0.057692 0.096154
1  0.369609 0.378603 0.064906 0.093750
1  0.293888 0.414662 0.057692 0.084136
1  0.248214 0.427881 0.052885 0.086536
1  0.209751 0.441102 0.052885 0.088941
1  0.082350 0.463939 0.033656 0.043266
1  0.124415 0.469949 0.045672 0.093750
1  0.222972 0.557689 0.079328 0.105769
1  0.178503 0.574515 0.072119 0.115383
1  0.135232 0.600959 0.028848 0.072112
1  0.081147 0.563701 0.045676 0.161058
1  0.668889 0.063700 0.052885 0.088945
1  0.626819 0.079323 0.060098 0.091345
1  0.584754 0.091344 0.052885 0.086541
1  0.549897 0.112979 0.060098 0.091345
1  0.500616 0.008411 0.057692 0.079327
1  0.463358 0.019229 0.060094 0.091345
1  0.504223 0.121391 0.050479 0.084131
1  0.469369 0.129805 0.043270 0.081731
1  0.427301 0.145431 0.060094 0.084136
1  0.328742 0.397834 0.045672 0.088945
1  0.409270 0.368987 0.052885 0.084136
1  0.343166 0.170671 0.060094 0.081731
1  0.352781 0.514419 0.060094 0.105769
1  0.122011 0.985573 0.064906 0.124997
1  0.340762 0.774034 0.064901 0.096155
1  0.293886 0.777643 0.052885 0.108173
1  0.253021 0.796871 0.062500 0.103364
1  0.208550 0.812497 0.045672 0.086541
1  0.162878 0.829325 0.064901 0.110578
1  0.124415 0.840141 0.060098 0.103364
1  0.696532 0.395429 0.060098 0.103364
1  0.691724 0.268025 0.055287 0.088941
1  0.648454 0.289660 0.050484 0.088945
1  0.613600 0.301682 0.057692 0.093750
1  0.571530 0.319710 0.050479 0.086541
1  0.649655 0.412257 0.062500 0.103364
1  0.609993 0.426678 0.050479 0.098559
1  0.536676 0.328121 0.062500 0.084136
1  0.491004 0.344947 0.043270 0.093750
1  0.452541 0.350959 0.062500 0.091345
1  0.561915 0.438699 0.050479 0.084136
1  0.528262 0.456728 0.055287 0.091346
1  0.475377 0.462737 0.055287 0.084136
1  0.439320 0.485574 0.060098 0.100964
1  0.387637 0.158652 0.043266 0.081731
1  0.305906 0.185094 0.052885 0.076922
1  0.200136 0.254806 0.043270 0.024037
1  0.256628 0.206727 0.040869 0.105769
1  0.352781 0.056488 0.055291 0.074522
1  0.316724 0.066102 0.055291 0.088941
1  0.275859 0.080525 0.060094 0.088941
1  0.239802 0.099758 0.040865 0.069712
1  0.194128 0.165861 0.060098 0.158653
1  0.257828 0.925480 0.072114 0.105769
1  0.310713 0.923075 0.072115 0.134616
1  0.359992 0.902640 0.079328 0.132211
1  0.423695 0.737977 0.067307 0.100964
1  0.719368 0.634613 0.048073 0.091345
1  0.685714 0.650239 0.057692 0.093750
1  0.636436 0.669467 0.060094 0.098559
1  0.597975 0.681488 0.055287 0.103364
1  0.557108 0.699516 0.050479 0.091345
1  0.504223 0.850960 0.074520 0.125001
1  0.992203 0.998795 0.079328 0.132211
1  0.935713 0.704326 0.076922 0.120192
1  0.887638 0.717547 0.076926 0.122597
1  0.844367 0.740382 0.081729 0.129811
1  0.983791 0.549275 0.057692 0.098559
1  0.944127 0.566103 0.055291 0.093750
1  0.897252 0.575720 0.062500 0.103364
1  0.853984 0.591343 0.057692 0.105773
1  0.808310 0.610574 0.067312 0.100959
1  0.771050 0.623795 0.064906 0.098555
1  0.825138 0.007208 0.062500 0.091350
1  0.790281 0.028843 0.045672 0.086536
1  0.744607 0.036055 0.060094 0.086541
1  0.994609 0.298072 0.074516 0.105769
1  0.935715 0.193508 0.072114 0.093750
1  0.856388 0.219950 0.052885 0.088941
1  0.809513 0.228362 0.060094 0.096155
1  0.911674 0.323314 0.062500 0.103369
1  0.863597 0.341345 0.062500 0.096154
1  0.826339 0.354566 0.060098 0.098559
1  0.777060 0.368987 0.067312 0.098555
1  0.732589 0.253604 0.055287 0.079327

