10  0.040201 0.984851 0.057692 0.055289
1  0.969289 0.055767 0.084138 0.100960
1  0.958470 0.210815 0.048077 0.055289
1  0.988520 0.183170 0.050484 0.052881
1  0.851500 0.291345 0.064904 0.076923
1  0.938038 0.088218 0.069711 0.079326
1  0.876740 0.120671 0.091346 0.110578
1  0.840682 0.156727 0.081730 0.096154
1  0.787798 0.208411 0.057692 0.069709
1  0.734914 0.222833 0.100961 0.112981
1  0.964480 0.572592 0.036058 0.038462
1  0.972895 0.540141 0.091349 0.098557
1  0.793808 0.506488 0.064904 0.069713
1  0.726500 0.492064 0.074519 0.088940
1  0.782990 0.570189 0.062500 0.067310
1  0.840682 0.644708 0.072115 0.081730
1  0.740923 0.708411 0.088942 0.103364
1  0.901980 0.361056 0.060096 0.067306
1  0.926019 0.469226 0.050481 0.057692
1  0.951259 0.427162 0.062500 0.074520
1  0.879144 0.398315 0.048077 0.050483
1  0.584674 0.495671 0.050480 0.057692
1  0.708471 0.745671 0.057692 0.072112
1  0.659193 0.675958 0.050480 0.062499
1  0.679625 0.636294 0.043269 0.055289
1  0.614722 0.612257 0.052884 0.064902
1  0.677222 0.418748 0.048077 0.052886
1  0.448857 0.464421 0.062500 0.072117
1  0.488520 0.434372 0.060096 0.069713
1  0.516164 0.401920 0.067307 0.072112
1  0.559434 0.370669 0.081730 0.096154
1  0.655587 0.305767 0.072115 0.081734
1  0.686837 0.266101 0.067307 0.079326

