10  0.514777 0.592854 0.057691 0.110576
9  0.416220 0.060402 0.192307 0.050478
9  0.415018 0.119295 0.194711 0.048077
9  0.409008 0.239489 0.187500 0.062500
9  0.406604 0.309202 0.187500 0.062500
9  0.394585 0.428190 0.197115 0.060094
10  0.574873 0.607277 0.057693 0.110576
9  0.411412 0.179391 0.182692 0.052884
9  0.383767 0.488286 0.189904 0.050482
9  0.976315 0.225064 0.197115 0.048077
9  0.963095 0.406556 0.194711 0.050482
9  0.961893 0.464248 0.197115 0.045671
10  0.934248 0.655353 0.060097 0.120192
10  0.816460 0.628913 0.055289 0.100961
10  0.757566 0.631317 0.072116 0.124999
10  0.702277 0.630114 0.067308 0.098559
10  0.659008 0.622903 0.043268 0.088940
9  0.972710 0.280354 0.194712 0.048077
9  0.983528 0.158959 0.197115 0.050483
9  0.987133 0.100065 0.194712 0.048077
9  0.990739 0.035161 0.197116 0.052884

