9  0.386195 0.007854 0.254806 0.110576
9  0.999177 0.005451 0.139426 0.240386
9  0.936677 0.034297 0.134613 0.240383
9  0.053264 0.232614 0.122594 0.237981
9  0.122975 0.209778 0.122594 0.240386
9  0.192686 0.189345 0.127403 0.237981
9  0.268408 0.202565 0.124999 0.235577
9  0.341726 0.200163 0.132212 0.245191
9  0.411437 0.190547 0.122594 0.240386
9  0.479945 0.177326 0.129808 0.237979
9  0.543647 0.158094 0.122598 0.233173
9  0.607349 0.125644 0.134617 0.235577
9  0.678262 0.117230 0.132212 0.228365
9  0.745570 0.095595 0.137017 0.237981
9  0.809274 0.072759 0.144231 0.230769
9  0.872974 0.053528 0.141826 0.235577
9  0.017204 0.516269 0.122594 0.233173
9  0.079706 0.499441 0.122594 0.237979
9  0.784033 0.790307 0.132212 0.242790
9  0.852543 0.773479 0.144231 0.247595
9  0.918647 0.747038 0.137017 0.237981
9  0.931868 0.292712 0.115385 0.233173
9  0.864562 0.305932 0.120194 0.235577
9  0.799658 0.332375 0.110580 0.221153
9  0.731147 0.350403 0.108171 0.228365
9  0.661436 0.370835 0.127408 0.235577
9  0.554466 0.403288 0.129808 0.228365
9  0.484755 0.415308 0.124999 0.218751
9  0.421053 0.426123 0.117789 0.216347
9  0.347733 0.432134 0.124999 0.228368
9  0.270811 0.420114 0.134612 0.228365
9  0.204704 0.447759 0.122594 0.230769
9  0.143407 0.474202 0.125003 0.235577
9  0.716724 0.810739 0.141826 0.240386
9  0.657829 0.834777 0.144231 0.245194
9  0.591723 0.851605 0.127403 0.235575
9  0.344128 0.979009 0.127408 0.230769
9  0.416244 0.946556 0.127408 0.237981
9  0.473936 0.923721 0.141826 0.240383
9  0.532831 0.894875 0.139422 0.235577

