1  0.431252 0.110224 0.062499 0.060094
1  0.397597 0.137871 0.100963 0.096155
1  0.437262 0.237627 0.108172 0.084134
1  0.392791 0.465993 0.081729 0.036060
1  0.351924 0.417919 0.096157 0.074517
1  0.496157 0.451570 0.072116 0.036060
1  0.547838 0.504456 0.093754 0.036060
1  0.588702 0.547725 0.175483 0.050477
1  0.594715 0.607822 0.177886 0.050483
1  0.948080 0.172724 0.043270 0.151443
1  0.906012 0.171523 0.045673 0.153846
1  0.931252 0.296523 0.124999 0.052880
7  0.939665 0.154697 0.213946 1.322117

