10  0.518272 0.329615 0.057694 0.060095
10  0.506251 0.041151 0.052886 0.064904
10  0.506251 0.401730 0.057687 0.064903
10  0.479808 0.378891 0.052886 0.062503
10  0.468994 0.333220 0.060095 0.072119
10  0.432935 0.326008 0.055293 0.067311
10  0.467790 0.271924 0.057687 0.074519
10  0.508655 0.277932 0.057694 0.062503
10  0.507455 0.215429 0.050478 0.067304
10  0.468991 0.209418 0.055286 0.069711
10  0.438943 0.195001 0.057694 0.069711
10  0.502646 0.157738 0.055293 0.067311
10  0.477404 0.137306 0.057694 0.069711
10  0.466586 0.094038 0.060094 0.064904
10  0.228608 0.114470 0.060095 0.072119
10  0.261060 0.244277 0.057694 0.072119
10  0.297120 0.191393 0.048077 0.062496
10  0.220192 0.247881 0.057694 0.069711
10  0.184136 0.235865 0.057687 0.069711
10  0.151684 0.226245 0.055286 0.074519
10  0.226204 0.176969 0.055286 0.067311
10  0.190144 0.168554 0.055286 0.069711
10  0.160097 0.155334 0.057694 0.072119
10  0.330772 0.201009 0.057694 0.067311
10  0.331972 0.139710 0.055294 0.064903
10  0.300721 0.126486 0.060094 0.072119
10  0.262260 0.184181 0.060094 0.072118
10  0.196153 0.100046 0.062503 0.072119
10  0.235821 0.043555 0.055286 0.060096
10  0.270677 0.048363 0.057694 0.069711
10  0.309134 0.053171 0.052886 0.069711
10  0.337981 0.071199 0.057694 0.067304
10  0.205770 0.030335 0.057686 0.067304
10  0.170914 0.020719 0.060095 0.067304
10  0.514667 0.079614 0.055286 0.064904
10  0.292311 0.258700 0.057694 0.072119
10  0.343993 0.241873 0.055286 0.067311
10  0.334376 0.306776 0.060102 0.072112
10  0.309137 0.293553 0.057694 0.069711
10  0.181735 0.299564 0.052886 0.062503
10  0.212982 0.310384 0.057694 0.069711
10  0.249039 0.319996 0.062502 0.074519
10  0.565145 0.019516 0.055286 0.069711
10  0.544711 0.098842 0.062502 0.069711
9  0.032692 0.188989 0.081729 0.100966
9  0.035096 0.124082 0.076921 0.100959

