1  0.467991 0.437140 0.115382 0.259608
1  0.429529 0.176322 0.100960 0.189906
1  0.537700 0.163103 0.072115 0.173080
1  0.558135 0.432334 0.122594 0.264425
1  0.666308 0.410696 0.098558 0.250008
1  0.750443 0.391467 0.122598 0.264425
1  0.619431 0.140261 0.091346 0.189906
1  0.730011 0.124638 0.086538 0.177886
1  0.820154 0.112618 0.084131 0.187497
1  0.864624 0.389064 0.134617 0.302884
1  0.928328 0.943149 0.108175 0.257211
1  0.836981 0.962378 0.093753 0.228364
1  0.730011 0.970791 0.096155 0.221150
1  0.629047 0.997235 0.125000 0.259607
1  0.243231 0.190739 0.093749 0.223559
1  0.274482 0.481615 0.108171 0.257211
1  0.181932 0.475604 0.110578 0.245191
1  0.050922 0.217189 0.084135 0.189906
1  0.155492 0.205169 0.091346 0.189906
1  0.345394 0.175117 0.086538 0.187497
1  0.085779 0.484018 0.105769 0.228364
7  0.357414 0.328968 0.956728 0.620197

