10  0.401054 0.532113 0.091345 0.074519
10  0.374610 0.576585 0.096155 0.076923
10  0.022448 0.562162 0.103366 0.076923
10  0.047688 0.515285 0.105769 0.074519
10  0.078938 0.479228 0.096155 0.069710
10  0.390236 0.927545 0.088944 0.072114
10  0.312111 0.853026 0.100962 0.076923
10  0.337352 0.804950 0.103366 0.076923
10  0.256823 0.755670 0.096155 0.079325
10  0.276055 0.702787 0.105769 0.079327
10  0.366198 0.758075 0.103366 0.088942
10  0.396246 0.712402 0.096155 0.074519
10  0.316919 0.661921 0.096155 0.079327
10  0.352977 0.619853 0.100959 0.076923

