1  0.094205 0.507553 0.045674 0.163466
1  0.000455 0.945051 0.064904 0.177885
1  0.150694 0.957072 0.057692 0.173078
1  0.232426 0.955872 0.052886 0.180291
1  0.302137 0.955872 0.062499 0.175479
1  0.455986 0.963081 0.072117 0.199522
1  0.632666 0.500341 0.069711 0.225965
1  0.353820 0.321253 0.050480 0.146635
1  0.314158 0.501544 0.052881 0.146635
1  0.296128 0.321253 0.050480 0.146635
1  0.150694 0.315247 0.057692 0.139423
1  0.214398 0.321256 0.055292 0.137017
1  0.082189 0.317650 0.050480 0.129805
1  0.244447 0.523178 0.057692 0.180291
1  0.160312 0.532794 0.052881 0.141824
1  0.020888 0.314041 0.052886 0.146635
1  0.934349 0.169812 0.120191 0.036061
1  0.937955 0.021976 0.117790 0.038462
1  0.934351 0.071256 0.115385 0.045674
1  0.939157 0.126543 0.110573 0.036062
1  0.936752 0.222698 0.115384 0.040862
1  0.933148 0.271976 0.112979 0.043268
1  0.930745 0.418611 0.112984 0.043268
1  0.934351 0.469089 0.105772 0.038462

