9  0.304293 0.998883 0.124999 0.062500
9  0.357178 0.944797 0.125001 0.064905
9  0.382418 0.911143 0.127405 0.069711
9  0.437706 0.857057 0.117789 0.062500
9  0.486985 0.808980 0.124999 0.062500
9  0.514630 0.778932 0.132211 0.069711
9  0.622803 0.667153 0.122598 0.067308
9  0.645639 0.643115 0.129808 0.062500
9  0.672082 0.609460 0.124999 0.067306
9  0.694918 0.583019 0.127405 0.067308
9  0.720158 0.555373 0.134615 0.074520
9  0.745398 0.527730 0.132211 0.067308
9  0.801889 0.476048 0.129808 0.064903
9  0.825928 0.444796 0.129808 0.064903
9  0.853572 0.420758 0.127402 0.069711
9  0.904052 0.363066 0.127402 0.064905
9  0.983379 0.278932 0.127405 0.069711
9  0.964150 0.310181 0.108173 0.069711
10  0.690111 0.995277 0.055289 0.055288
10  0.711745 0.973643 0.050480 0.050482
10  0.962947 0.777730 0.062502 0.057692

