10  0.382392 0.813142 0.067311 0.091344
10  0.190086 0.499442 0.057692 0.084144
10  0.145613 0.481415 0.064906 0.096155
10  0.317489 0.567953 0.072113 0.086544
10  0.640806 0.472998 0.093749 0.064900
10  0.686478 0.679731 0.060089 0.079322
10  0.603548 0.900886 0.067311 0.093744
10  0.209312 0.874441 0.072113 0.103366
10  0.515807 0.866030 0.074518 0.100966
10  0.235758 0.513865 0.062494 0.093744
10  0.503787 0.611225 0.069716 0.096155
10  0.551860 0.632859 0.060097 0.086533
10  0.638402 0.660498 0.055287 0.079322
10  0.642009 0.518670 0.096153 0.069711
10  0.479747 0.962185 0.069716 0.105767
10  0.342728 0.909297 0.064906 0.091344

