1  0.891538 0.979588 0.105771 0.060096
1  0.897548 0.932717 0.088944 0.052885
1  0.910768 0.873822 0.081730 0.045674
1  0.917982 0.831754 0.105771 0.048078
1  0.932405 0.777667 0.081730 0.036059
1  0.936010 0.673100 0.137021 0.072119
1  0.521346 0.587763 0.197117 0.093748
1  0.546586 0.514447 0.189904 0.086537
1  0.297788 0.530070 0.211538 0.093748
1  0.461249 0.704350 0.120191 0.062500
1  0.277355 0.735600 0.156251 0.076927
1  0.458846 0.777667 0.134617 0.074518
1  0.262933 0.793293 0.151441 0.081734
1  0.437211 0.834157 0.129807 0.072115
1  0.249712 0.853387 0.115384 0.062500
1  0.244905 0.909877 0.144231 0.064904
1  0.408364 0.944735 0.129807 0.067307
1  0.231683 0.968772 0.141827 0.072115

