9  0.674816 0.500897 0.098558 0.185096
10  0.964481 0.649935 0.076922 0.050478
10  0.677218 0.937196 0.050481 0.038461
10  0.722893 0.652338 0.036059 0.064903
10  0.940443 0.509310 0.067309 0.043267
10  0.988520 0.704022 0.067308 0.076926
10  0.942845 0.367483 0.033650 0.057692
10  0.966884 0.361473 0.033654 0.055291
10  0.992124 0.357868 0.036054 0.057692
10  0.710875 0.790560 0.064904 0.043267
10  0.536595 0.848252 0.057695 0.033655
10  0.541404 0.873492 0.057695 0.040866
10  0.662798 0.835031 0.060095 0.040866
10  0.667605 0.868685 0.055290 0.036060
10  0.546211 0.897532 0.052881 0.040866
10  0.558229 0.923974 0.057690 0.031247
10  0.566642 0.978059 0.050481 0.038461
10  0.721691 0.823011 0.057690 0.040866
10  0.632749 0.776137 0.057695 0.038461
10  0.004143 0.692002 0.040863 0.033655
10  0.059432 0.679983 0.050477 0.033652
10  0.165201 0.655943 0.060099 0.038461
10  0.478904 0.750898 0.052886 0.036057
10  0.011355 0.623494 0.031250 0.055287
10  0.036595 0.613878 0.033650 0.055287
10  0.061836 0.609069 0.036059 0.060097
10  0.085874 0.592243 0.036054 0.060097
10  0.523375 0.288156 0.040863 0.062501
10  0.553422 0.282148 0.038459 0.060097
10  0.537797 0.569405 0.060099 0.043271
10  0.426019 0.764118 0.052886 0.033655
10  0.344288 0.782147 0.062504 0.031251
10  0.111115 0.585032 0.033654 0.060097
10  0.262557 0.526138 0.033650 0.057692
10  0.292607 0.524934 0.031250 0.050481
10  0.317845 0.514116 0.028845 0.048077
10  0.344288 0.510513 0.033650 0.050481
10  0.371933 0.499695 0.031250 0.052886
10  0.398374 0.498493 0.031250 0.050481
10  0.423616 0.486474 0.033654 0.055287
10  0.262557 0.633109 0.048077 0.036057
10  0.313038 0.619887 0.048077 0.033652
10  0.368326 0.610271 0.052881 0.033652
10  0.420008 0.599454 0.050481 0.036057
10  0.474096 0.588636 0.048077 0.038461
10  0.160394 0.773734 0.055286 0.043267
10  0.157990 0.824213 0.060095 0.038461
10  0.210873 0.812195 0.050481 0.033655
10  0.263759 0.797772 0.045672 0.033652

