0  0.891779 0.871822 0.165877 0.185095
0  0.755968 0.907877 0.168267 0.170672
0  0.579276 0.848980 0.122598 0.125000
0  0.646584 0.909075 0.112986 0.120189
0  0.269188 0.978791 0.194712 0.192312
0  0.151396 0.780472 0.189915 0.180295
0  0.061244 0.675908 0.182693 0.173077
0  0.015575 0.564122 0.129802 0.127405
0  0.820869 0.787683 0.177878 0.180283
0  0.514374 0.489605 0.175470 0.185095
0  0.661010 0.437924 0.185100 0.192299
0  0.757163 0.464363 0.165878 0.173078
0  0.804035 0.388644 0.163470 0.165861
0  0.902595 0.413885 0.163470 0.177878

