10  0.688172 0.493866 0.093749 0.072109
10  0.733845 0.520304 0.103362 0.072123
10  0.664134 0.579197 0.045673 0.098554
10  0.628073 0.547948 0.050478 0.088945
10  0.578796 0.537134 0.048076 0.096145
10  0.537929 0.517902 0.043269 0.086536
10  0.643701 0.468625 0.100958 0.088945
10  0.876872 0.651320 0.096153 0.112981
10  0.917739 0.676554 0.086541 0.115377
10  0.988643 0.672947 0.074525 0.103372
10  0.951381 0.779919 0.091346 0.120181
10  0.493457 0.496268 0.045673 0.096159
10  0.438172 0.478241 0.050480 0.093750

