2  0.490050 0.391833 0.067302 0.072112
2  0.385480 0.319718 0.074525 0.072118
2  0.429951 0.477170 0.072124 0.074519
2  0.330189 0.403852 0.069713 0.076920
2  0.359038 0.576930 0.084130 0.081727
2  0.290530 0.667072 0.076917 0.079326
2  0.253267 0.500008 0.084131 0.086535
2  0.188366 0.592556 0.074525 0.074519
2  0.486443 0.268033 0.050484 0.060097
2  0.551349 0.317314 0.060099 0.057696
2  0.365045 0.926691 0.057688 0.064904
2  0.837405 0.670679 0.098557 0.096156
2  0.755671 0.778854 0.103369 0.100963
2  0.933556 0.908662 0.093745 0.100963
2  0.640286 0.935103 0.141827 0.144230
2  0.681151 0.544478 0.040869 0.040867
2  0.628270 0.509623 0.040860 0.038460
2  0.639086 0.597360 0.038458 0.040867
2  0.587406 0.562508 0.040869 0.043267
2  0.557357 0.663468 0.052885 0.052889
2  0.514086 0.719960 0.052885 0.050482
2  0.472021 0.777650 0.060099 0.060096
2  0.420337 0.849769 0.057697 0.060097
2  0.975626 0.439911 0.067312 0.072118

