9  0.903166 0.327607 0.055290 0.134613
1  0.513743 0.016308 0.127402 0.117794
10  0.282973 0.052365 0.093749 0.040860
10  0.279369 0.224240 0.072113 0.038467
10  0.357492 0.993471 0.084135 0.048082
10  0.345474 0.902124 0.079327 0.043270
10  0.343073 0.860059 0.079327 0.040860
10  0.340666 0.629292 0.098557 0.050483
9  0.310618 0.400922 0.105765 0.045672
1  0.559417 0.498277 0.088942 0.076925
1  0.561817 0.441790 0.079327 0.074524
1  0.547398 0.391307 0.103364 0.093753
1  0.548598 0.330009 0.115381 0.096154
1  0.523361 0.147319 0.112980 0.100966
1  0.520957 0.074000 0.117787 0.112982
10  0.282976 0.101643 0.088942 0.048073
10  0.952444 0.259096 0.033653 0.074524
10  0.968070 0.510297 0.040861 0.091343
10  0.988504 0.644915 0.038466 0.086531
1  0.010139 0.753090 0.091349 0.225964
1  0.025765 0.018714 0.060097 0.146638

