9  0.444488 0.430337 0.257209 0.120195
9  0.420450 0.502453 0.257212 0.105770
9  0.424056 0.575770 0.264425 0.103367
9  0.433670 0.637067 0.259615 0.115385
9  0.430065 0.700770 0.262019 0.112980
9  0.431267 0.775289 0.259615 0.112980
9  0.424056 0.840193 0.264425 0.103367
9  0.433670 0.915915 0.264422 0.081730
9  0.438479 0.980818 0.259615 0.096155
9  0.430065 0.123846 0.252406 0.141826
9  0.945690 0.116635 0.250000 0.146634
9  0.925258 0.307741 0.194711 0.134617
9  0.940882 0.658703 0.245191 0.139422
9  0.966122 0.877452 0.247597 0.134617
9  0.451701 0.348607 0.271634 0.134614
9  0.146410 0.572165 0.262018 0.100962
9  0.112758 0.247645 0.257212 0.139422
9  0.123574 0.442356 0.278846 0.110577
9  0.122373 0.506059 0.271637 0.098558
9  0.134393 0.643077 0.266828 0.103365
9  0.131987 0.705578 0.266828 0.103365
9  0.118767 0.777693 0.264425 0.103365
9  0.141604 0.846203 0.262019 0.110577
9  0.129584 0.912308 0.266828 0.103365
9  0.141604 0.980818 0.252406 0.100960

