7  0.466239 0.188595 0.564903 0.233171
7  0.550374 0.503500 0.526443 0.223560
7  0.582825 0.815998 0.533653 0.223559
1  0.678979 0.545565 0.028848 0.072114
1  0.362873 0.454220 0.031250 0.096151
1  0.400133 0.461430 0.033652 0.076922
1  0.442199 0.457824 0.031250 0.079326
1  0.479461 0.454218 0.028846 0.081731
1  0.520326 0.447010 0.028846 0.091347
1  0.553979 0.448212 0.033652 0.079326
1  0.593643 0.454220 0.031250 0.072119
1  0.630902 0.444606 0.028846 0.081731
1  0.668161 0.444606 0.031250 0.081731
1  0.713835 0.547969 0.031250 0.076922
1  0.307585 0.251095 0.026444 0.069715
1  0.640517 0.547969 0.033655 0.081731
1  0.600854 0.546767 0.036059 0.079326
1  0.559989 0.550373 0.031250 0.091347
1  0.578017 0.234269 0.033654 0.098560
1  0.614076 0.230663 0.028846 0.076922
1  0.652537 0.229461 0.028846 0.084135
1  0.502296 0.237873 0.036056 0.100959
1  0.459028 0.248691 0.026441 0.055290
1  0.390518 0.247489 0.033652 0.091343
1  0.325615 0.461430 0.033655 0.086539
1  0.334028 0.567202 0.031250 0.091347
1  0.374893 0.561192 0.031250 0.079327
1  0.407345 0.557585 0.028846 0.081731
1  0.550374 0.870083 0.036059 0.081731
1  0.510711 0.872488 0.028846 0.086539
1  0.473449 0.868881 0.031250 0.074518
1  0.437393 0.884508 0.031250 0.091347
1  0.656144 0.757104 0.031250 0.086539
1  0.690999 0.758306 0.038461 0.084135
1  0.618884 0.757104 0.038461 0.091347
1  0.578018 0.760710 0.038461 0.093751
1  0.544364 0.770327 0.033652 0.079327
1  0.504700 0.773933 0.031250 0.076922
1  0.465036 0.776337 0.033655 0.081730
1  0.426576 0.777539 0.028846 0.079326
1  0.388115 0.782345 0.033655 0.079331
1  0.353258 0.782345 0.036059 0.088938
1  0.397730 0.882104 0.033655 0.081731
1  0.359268 0.886912 0.028848 0.096155
1  0.447008 0.559990 0.036059 0.091347
1  0.525132 0.552777 0.033655 0.081731
1  0.486671 0.553979 0.038463 0.084135
1  0.349651 0.246287 0.028846 0.074523
1  0.229460 0.263114 0.033655 0.093751
1  0.223450 0.157346 0.040865 0.084135
1  0.265518 0.144124 0.028848 0.076922
1  0.302777 0.146528 0.031250 0.086539
1  0.338835 0.141720 0.036057 0.086539
1  0.378498 0.139316 0.033652 0.081731
1  0.418163 0.141720 0.026441 0.067306
1  0.453017 0.145326 0.028846 0.074518
1  0.493883 0.135709 0.033652 0.084135
1  0.529941 0.128499 0.028846 0.060098
1  0.569604 0.130901 0.036059 0.084135
1  0.606864 0.122489 0.033652 0.091343
1  0.644124 0.126093 0.036059 0.079327
1  0.585229 0.861671 0.028848 0.074523
1  0.623691 0.867679 0.033655 0.086539
1  0.663354 0.861674 0.026441 0.079327

