10  0.809542 0.475944 0.093755 0.100964
10  0.897284 0.230752 0.096146 0.100963
10  0.834783 0.153825 0.091346 0.091337
10  0.623245 0.298061 0.100965 0.105768
10  0.519881 0.197098 0.105764 0.105769
10  0.933343 0.574505 0.086537 0.096157
10  0.497045 0.655028 0.098565 0.093755
10  0.341993 0.032430 0.096155 0.108172
10  0.444158 0.135796 0.093755 0.093755
10  0.941757 0.265608 0.093746 0.103367
10  0.708582 0.368974 0.093746 0.098560
10  0.590795 0.270414 0.074519 0.079339
10  0.866038 0.193494 0.091346 0.093755

