7  0.633385 0.445387 1.206728 0.480772
7  0.673051 0.955003 1.223557 0.451920
1  0.005980 0.501878 0.115386 0.300480
1  0.104540 0.410536 0.067305 0.156252
1  0.199493 0.409330 0.088942 0.177891
1  0.296847 0.403318 0.072119 0.165867
1  0.402615 0.381683 0.057696 0.156252
1  0.108144 0.607647 0.069712 0.151449
1  0.192282 0.604041 0.074520 0.168268
1  0.274013 0.593226 0.069712 0.156244
1  0.360548 0.581205 0.079327 0.165858
1  0.444685 0.582410 0.074519 0.149039
1  0.527616 0.571591 0.081728 0.156252
1  0.140597 0.911734 0.062498 0.144236
1  0.223531 0.905725 0.069712 0.141826
1  0.305258 0.890099 0.069712 0.153851
1  0.386989 0.887693 0.074519 0.168269
1  0.474731 0.879283 0.081734 0.161055
1  0.612954 0.565578 0.064904 0.139424
1  0.700693 0.563177 0.062498 0.158654
1  0.864154 0.537939 0.067311 0.151441
1  0.943481 0.521112 0.072113 0.132211
1  0.712711 0.325196 0.081734 0.192309
1  0.814876 0.349237 0.084134 0.173080
1  0.915836 0.317988 0.079327 0.182694
1  0.562472 0.887697 0.074519 0.158654
1  0.643000 0.869664 0.057690 0.146638
1  0.728337 0.855247 0.060097 0.146638
1  0.894202 0.856447 0.084134 0.149039

