1  0.613377 0.312428 0.064913 0.093752
1  0.240785 0.098492 0.127407 0.170674
1  0.298468 0.106901 0.122588 0.163455
1  0.327314 0.164596 0.088947 0.115379
1  0.350155 0.187434 0.072118 0.088942
1  0.387415 0.204257 0.079323 0.103371
1  0.418662 0.212672 0.069700 0.105760
1  0.461927 0.213877 0.093751 0.132208
1  0.484768 0.249928 0.076922 0.098561
1  0.524438 0.265557 0.088946 0.110580
1  0.653038 0.336470 0.072118 0.098561
1  0.679482 0.346084 0.067298 0.093752
1  0.713131 0.356903 0.067315 0.091351
1  0.739575 0.373732 0.067298 0.096151
1  0.767228 0.394160 0.055289 0.084132
1  0.805689 0.397770 0.055290 0.096152
1  0.845351 0.409784 0.062495 0.100960
1  0.876598 0.421807 0.052872 0.096152
1  0.916260 0.432626 0.060109 0.108170
1  0.946306 0.444641 0.062495 0.112980
1  0.977562 0.474693 0.052888 0.072113
1  0.989579 0.221086 0.062511 0.093751
1  0.954721 0.203058 0.069716 0.096152
1  0.897029 0.173010 0.064913 0.079333
1  0.864581 0.159787 0.062495 0.086542
1  0.841748 0.138148 0.055290 0.076923
1  0.806890 0.128539 0.062495 0.091341
1  0.778036 0.115321 0.062495 0.088942
1  0.746789 0.102097 0.067315 0.096151
1  0.727558 0.088873 0.052872 0.088942
1  0.697512 0.069645 0.060093 0.088942
1  0.647026 0.046807 0.060093 0.086542
1  0.618180 0.026374 0.045667 0.093751
14  0.186688 0.685028 0.115382 0.084142
14  0.162654 0.728300 0.115383 0.084132
1  0.800877 0.005940 0.074520 0.091341
1  0.844142 0.019159 0.074520 0.098561
1  0.872995 0.048012 0.069716 0.084132
1  0.912657 0.054021 0.076921 0.096151
1  0.939093 0.084068 0.067314 0.084132
1  0.975152 0.090078 0.076922 0.105770

