7  0.488161 0.210263 0.858174 0.312504
7  0.538640 0.587667 0.853366 0.336543
1  0.203305 0.561227 0.043270 0.086541
1  0.867968 0.130939 0.060099 0.038455
1  0.774218 0.204258 0.036055 0.069711
1  0.759796 0.492715 0.036055 0.088938
1  0.717728 0.507140 0.038462 0.069711
1  0.661237 0.505941 0.040864 0.081730
1  0.620373 0.517961 0.036059 0.081730
1  0.559075 0.522764 0.048075 0.105769
1  0.571094 0.644161 0.043270 0.098552
1  0.523015 0.658581 0.057693 0.122600
1  0.513402 0.527575 0.043270 0.086541
1  0.456910 0.534783 0.040868 0.100958
1  0.411237 0.540793 0.045673 0.098561
1  0.373977 0.675412 0.043270 0.093750
1  0.471332 0.656180 0.045673 0.098552
1  0.172055 0.716273 0.052888 0.141827
1  0.107151 0.697045 0.052888 0.141827
1  0.097535 0.564831 0.043266 0.088938
1  0.710515 0.122523 0.033653 0.074514
1  0.673257 0.124925 0.031247 0.069711
1  0.627584 0.253534 0.050482 0.115391
1  0.269410 0.293201 0.055290 0.108175
1  0.030227 0.007141 0.033653 0.079325
1  0.060277 0.311226 0.060095 0.129808
1  0.169650 0.304017 0.048079 0.110580
1  0.162439 0.186225 0.028844 0.072116
1  0.200901 0.188630 0.038462 0.067305
1  0.259795 0.175412 0.036059 0.084136
1  0.317487 0.289592 0.040864 0.096147
1  0.580708 0.254733 0.048075 0.117788
1  0.300661 0.164591 0.036055 0.086533
1  0.376381 0.277573 0.048079 0.100958
1  0.428064 0.275171 0.050482 0.115383
1  0.405228 0.158582 0.043270 0.079325
1  0.470131 0.160987 0.033653 0.060097
1  0.477342 0.265553 0.033653 0.086541
1  0.568688 0.140553 0.033653 0.072116
1  0.149218 0.562426 0.040864 0.093750
1  0.250179 0.556420 0.040868 0.096155

