9  0.356410 0.460610 0.132209 0.242792
9  0.412900 0.485850 0.124998 0.230772
9  0.527083 0.536332 0.127406 0.235580
9  0.269873 0.694985 0.127402 0.230766
9  0.387660 0.739456 0.132209 0.233170
9  0.441748 0.759889 0.129810 0.230766
9  0.503045 0.776716 0.137022 0.230766
9  0.363622 0.990658 0.132209 0.230772
9  0.308334 0.966620 0.127402 0.235580
10  0.517468 0.060370 0.069715 0.115386
10  0.559537 0.075996 0.081730 0.108174
10  0.607613 0.090419 0.076922 0.122598
10  0.656891 0.113256 0.084133 0.115386
10  0.739822 0.142102 0.081730 0.115386
10  0.825160 0.181766 0.093753 0.127405
10  0.873239 0.205805 0.069710 0.093751

