1  0.869143 0.962233 0.156252 0.052886
1  0.890779 0.905740 0.146639 0.045674
1  0.373952 0.586032 0.112984 0.045674
1  0.366740 0.690599 0.112984 0.048075
1  0.366743 0.743483 0.127403 0.048080
1  0.367940 0.799973 0.115385 0.040862
1  0.365540 0.850453 0.129809 0.050486
1  0.363134 0.909349 0.100960 0.033656
1  0.364337 0.953820 0.127403 0.045674
1  0.531404 0.973048 0.139422 0.050480
1  0.542223 0.340839 0.161058 0.050480
1  0.527798 0.915358 0.146634 0.045674
1  0.527798 0.801173 0.156246 0.048075
1  0.529001 0.741079 0.134615 0.048075
1  0.533808 0.684587 0.139427 0.045674
1  0.539817 0.631703 0.137021 0.055292
1  0.547029 0.571607 0.151445 0.055287
1  0.547029 0.515117 0.161058 0.052881
1  0.373952 0.534348 0.127408 0.048080
1  0.379964 0.477858 0.115385 0.045674
1  0.376356 0.426175 0.127403 0.043268
1  0.372752 0.374491 0.129809 0.045674
1  0.389577 0.003100 0.120196 0.043268
1  0.384768 0.060790 0.120191 0.038462
1  0.389579 0.113674 0.134615 0.048080
1  0.379962 0.168963 0.086541 0.033650
1  0.387171 0.214637 0.115385 0.048075
1  0.383568 0.271127 0.117790 0.040868
1  0.379962 0.320405 0.120191 0.048075
1  0.539819 0.449012 0.141827 0.060094
1  0.542223 0.226653 0.146634 0.043268
1  0.882367 0.852859 0.134615 0.045674
1  0.918425 0.218241 0.129809 0.050480
1  0.916019 0.047568 0.144233 0.050481
1  0.905201 0.158147 0.161058 0.050480
1  0.897991 0.274731 0.127403 0.052886
1  0.559048 0.168963 0.156247 0.052886
1  0.906404 0.391319 0.149040 0.055292
1  0.897989 0.446606 0.161058 0.050480
1  0.899192 0.501893 0.144228 0.050480
1  0.889577 0.673771 0.158657 0.043268
1  0.894385 0.735070 0.149040 0.050480
1  0.894383 0.791557 0.153846 0.043268
1  0.556644 0.108867 0.161053 0.048080
7  0.913616 0.487471 0.216350 1.262019
7  0.465297 0.076417 0.343748 2.194711
1  0.068664 0.844444 0.117790 0.043268
1  0.080682 0.795164 0.103366 0.040868
1  0.074673 0.738674 0.105772 0.038462
1  0.080682 0.630500 0.103366 0.038462
1  0.091500 0.581223 0.134615 0.045669
1  0.079482 0.529542 0.125002 0.043268
1  0.080685 0.479059 0.122597 0.048075
1  0.080682 0.420166 0.117790 0.036062
1  0.081885 0.373291 0.115384 0.038462
1  0.084291 0.320405 0.115385 0.048075
1  0.091500 0.266318 0.110578 0.040862
1  0.099913 0.104061 0.112979 0.043268
1  0.091500 0.053577 0.125003 0.048075

