10  0.004687 0.126944 0.088944 0.127403
10  0.064784 0.143770 0.064902 0.117786
10  0.035938 0.251944 0.069711 0.088941
10  0.062380 0.487519 0.084129 0.132213
10  0.491467 0.248336 0.072111 0.120191
10  0.355647 0.330068 0.079327 0.129808
10  0.522718 0.374538 0.072112 0.103368
10  0.957813 0.500743 0.081728 0.129808
10  0.984255 0.388963 0.081728 0.108174
10  0.407331 0.354105 0.076926 0.120191
10  0.574398 0.393769 0.074519 0.117786
10  0.596033 0.274781 0.074519 0.120191
10  0.654929 0.296415 0.067310 0.100958
10  0.710218 0.302423 0.076920 0.132209
10  0.769112 0.320451 0.064902 0.115385
10  0.821997 0.343290 0.060101 0.093752
10  0.874881 0.360116 0.060101 0.117791
10  0.628487 0.402183 0.067310 0.110579
10  0.684976 0.428626 0.064902 0.086540
10  0.799159 0.455068 0.072111 0.100958
10  0.852044 0.470693 0.067310 0.098562
10  0.621275 0.656991 0.067303 0.115385
10  0.729448 0.670211 0.081728 0.132213
10  0.793150 0.694250 0.069711 0.103368
10  0.908536 0.715884 0.079327 0.127403

