1  0.378986 0.994492 0.069716 0.110580
1  0.348939 0.957231 0.057691 0.084132
1  0.320094 0.957231 0.062511 0.093751
1  0.285235 0.939203 0.069716 0.096152
1  0.227544 0.909155 0.064913 0.079333
1  0.195096 0.895932 0.062495 0.086542
1  0.172263 0.874293 0.055290 0.076923
1  0.137405 0.864684 0.062495 0.091341
1  0.108551 0.851466 0.062495 0.088942
1  0.077303 0.838242 0.067315 0.096151
1  0.058073 0.825018 0.052872 0.088942
1  0.028027 0.805790 0.060093 0.088942
1  0.003984 0.678386 0.069716 0.084132
1  0.710723 0.195211 0.108177 0.151446
1  0.766004 0.212039 0.132211 0.165865
1  0.806867 0.252900 0.093750 0.137017
1  0.864558 0.258910 0.127407 0.173074
1  0.904228 0.285352 0.124989 0.163465
1  0.958317 0.313000 0.112981 0.156246
1  0.656626 0.179582 0.100956 0.129808
1  0.618166 0.148335 0.096152 0.134607
1  0.561675 0.130307 0.093751 0.132208
1  0.519611 0.095450 0.120202 0.144227
1  0.716727 0.359876 0.081725 0.110570
1  0.680668 0.339442 0.081725 0.112980
1  0.639806 0.322614 0.086529 0.108181
1  0.598943 0.302181 0.081725 0.110570
1  0.568888 0.285352 0.084127 0.105770
1  0.532830 0.268529 0.084127 0.110580
1  0.494377 0.245696 0.088947 0.117789
1  0.451104 0.219254 0.074520 0.088942
1  0.412643 0.204825 0.074520 0.098561
1  0.375375 0.188001 0.091348 0.117789
1  0.335713 0.171173 0.088947 0.117789
1  0.306868 0.142330 0.074520 0.112980
1  0.274420 0.130307 0.076938 0.103370
1  0.244373 0.121892 0.084127 0.120199
1  0.201100 0.103864 0.088947 0.122599
1  0.166250 0.083431 0.081725 0.115389
1  0.136203 0.006513 0.098554 0.149037
1  0.303265 0.002903 0.086529 0.132218
1  0.336922 0.028146 0.072118 0.105770
1  0.384999 0.040165 0.100956 0.129808
1  0.431866 0.061793 0.093751 0.129808
7  0.722740 0.294971 1.338941 0.860581
1  0.751585 0.370690 0.074520 0.088942
1  0.784042 0.388723 0.076922 0.096152
1  0.822495 0.412761 0.086545 0.105770
7  0.461920 0.956031 1.461529 0.889418
1  0.960718 0.865884 0.098570 0.127399
1  0.931873 0.840641 0.093751 0.120189
1  0.895814 0.829828 0.103358 0.122598
1  0.856152 0.805790 0.091348 0.122598
1  0.824897 0.786557 0.086546 0.117790
1  0.787637 0.775737 0.093751 0.120189
1  0.752787 0.758914 0.072118 0.110580
1  0.714318 0.750500 0.096152 0.127409
1  0.683070 0.728862 0.076922 0.108170
1  0.645810 0.720453 0.103374 0.129808
1  0.574893 0.667567 0.076922 0.105770
1  0.547256 0.653144 0.079324 0.105760
1  0.508787 0.645929 0.093750 0.120189
1  0.470327 0.629101 0.093751 0.129808
1  0.377785 0.565407 0.067314 0.093751
1  0.346529 0.556992 0.072118 0.100961
1  0.302064 0.549778 0.103374 0.125009
1  0.251586 0.522136 0.093750 0.122598
1  0.177066 0.476460 0.088946 0.122598
1  0.060475 0.710838 0.062511 0.076923
1  0.102538 0.721652 0.079323 0.098551
1  0.131392 0.742085 0.074520 0.091341
1  0.174656 0.755304 0.074520 0.098561
1  0.203510 0.784157 0.069716 0.084132
1  0.243172 0.790166 0.076921 0.096151
1  0.269608 0.820213 0.067314 0.084132
1  0.305667 0.826223 0.076922 0.105770
1  0.335721 0.847856 0.074520 0.096161
1  0.371781 0.861075 0.074520 0.103361
1  0.405430 0.874299 0.079339 0.105770
1  0.439079 0.894732 0.074520 0.098561
1  0.471535 0.909150 0.076922 0.098561
1  0.503992 0.924779 0.069716 0.096161
1  0.537633 0.945212 0.074520 0.098551
1  0.565286 0.965645 0.076922 0.091342
1  0.596533 0.986073 0.067299 0.088942
1  0.637396 0.989683 0.086545 0.100961
1  0.210716 0.489679 0.069716 0.100960
1  0.142208 0.460836 0.076938 0.115390
1  0.853750 0.429584 0.062495 0.110580
1  0.699899 0.612277 0.067315 0.091342
1  0.773218 0.632711 0.079323 0.108170
1  0.830909 0.666367 0.074520 0.093752
1  0.864567 0.675981 0.079323 0.112980
1  0.893404 0.690405 0.079323 0.103371
1  0.927061 0.703624 0.079323 0.100971
1  0.953505 0.727662 0.064897 0.081733
1  0.989564 0.748095 0.055290 0.079322
7  0.578512 0.624301 1.430290 0.899038
1  0.965522 0.480064 0.084128 0.105770
1  0.925860 0.464441 0.086529 0.112980
1  0.891002 0.446413 0.084127 0.115379
1  0.738360 0.612282 0.076921 0.105770
1  0.681869 0.588240 0.069717 0.096161
1  0.109760 0.444008 0.069716 0.110570
1  0.641006 0.576221 0.069716 0.100961
1  0.079705 0.421170 0.081725 0.108170
1  0.043654 0.407951 0.086545 0.115390
1  0.016009 0.392328 0.074520 0.103361
1  0.037642 0.262520 0.084128 0.098561
1  0.071299 0.281748 0.074520 0.103361
1  0.106149 0.293766 0.091348 0.112980
1  0.178267 0.332233 0.100956 0.122598
1  0.211916 0.349057 0.076922 0.103370
1  0.246775 0.359876 0.084127 0.115389
1  0.279223 0.382708 0.086545 0.122599
1  0.314081 0.395932 0.088947 0.120189
1  0.344128 0.421170 0.076921 0.108170
1  0.384990 0.441608 0.076922 0.105770
1  0.409032 0.465641 0.067298 0.086542
1  0.439079 0.477665 0.074520 0.091352
1  0.470334 0.490888 0.064913 0.088942
1  0.502783 0.504107 0.081741 0.110580
1  0.528026 0.520931 0.074520 0.086532
1  0.560474 0.537759 0.067298 0.086532
1  0.586918 0.550978 0.062511 0.084132
1  0.615764 0.560597 0.081741 0.103371

