9  0.062608 0.645199 0.189906 0.257210
9  0.140735 0.637988 0.187503 0.252406
9  0.222467 0.641594 0.201923 0.249999
9  0.393140 0.653613 0.197116 0.264421
9  0.557802 0.660827 0.189900 0.245190
9  0.468861 0.652412 0.189900 0.247597
9  0.949629 0.647606 0.189906 0.242788
9  0.873908 0.654817 0.187497 0.252406
9  0.782563 0.642797 0.182690 0.242788
9  0.728476 0.681258 0.189900 0.257210
9  0.623906 0.639192 0.187497 0.249999
9  0.931601 0.360345 0.182690 0.235578
9  0.860687 0.379575 0.185100 0.240381
9  0.784967 0.387989 0.182690 0.233171
9  0.705638 0.387989 0.182690 0.237985
9  0.140735 0.380779 0.163457 0.218749
9  0.382322 0.380776 0.185094 0.247597
9  0.473667 0.395200 0.185094 0.242788
9  0.548186 0.386788 0.180293 0.240386
9  0.632321 0.390391 0.175486 0.228367

