7  0.683375 0.420136 0.552884 0.471151
7  0.338423 0.022300 0.060097 0.060097
7  0.261498 0.052346 0.122597 0.110578
7  0.183375 0.116049 0.144230 0.161058
7  0.080008 0.190569 0.173079 0.156247
1  0.995874 0.524705 0.086539 0.093749
1  0.975440 0.702586 0.088942 0.093749
1  0.964625 0.554751 0.091346 0.096149
1  0.554768 0.124463 0.084133 0.062503
1  0.019913 0.280712 0.096152 0.076921
1  0.071596 0.150903 0.084136 0.086538
1  0.168951 0.064366 0.062497 0.072115
1  0.320392 0.037925 0.062500 0.057692
1  0.730248 0.101626 0.060097 0.074520
1  0.755490 0.075185 0.057691 0.074520
1  0.641307 0.011480 0.079326 0.072115
1  0.940585 0.736243 0.096155 0.098560
1  0.539144 0.098020 0.086536 0.062498
1  0.487461 0.155712 0.079326 0.076921
1  0.156932 0.712203 0.096156 0.117784
1  0.873278 0.797538 0.086536 0.096155
1  0.839625 0.819175 0.096152 0.100961
1  0.164144 0.534316 0.105768 0.122595
1  0.123278 0.567971 0.100959 0.117789
1  0.247076 0.654508 0.093752 0.117789
1  0.209816 0.680954 0.096155 0.117789
1  0.124481 0.751866 0.103365 0.129807
1  0.378086 0.248261 0.110578 0.103366
1  0.039142 0.809558 0.091346 0.115383
1  0.721837 0.763886 0.086539 0.096155
1  0.690585 0.787926 0.091346 0.096155
1  0.654528 0.820375 0.081730 0.093749
1  0.623278 0.845618 0.081733 0.091344
1  0.586018 0.872058 0.084136 0.110578
1  0.757893 0.725423 0.086536 0.096155
1  0.793952 0.704991 0.081730 0.098560
1  0.909335 0.767492 0.091346 0.103366
1  0.827605 0.672540 0.086539 0.110572
1  0.402123 0.274704 0.105768 0.108172
1  0.876883 0.273501 0.079326 0.100966
1  0.837220 0.310761 0.100962 0.122595
1  0.795153 0.339607 0.098559 0.112983
1  0.751884 0.375667 0.098555 0.117789
1  0.713422 0.403307 0.088943 0.110578
1  0.667749 0.434559 0.103365 0.120189
1  0.630489 0.462202 0.096155 0.122595
1  0.592028 0.494653 0.100962 0.115383
1  0.551163 0.525905 0.096155 0.124995
1  0.510297 0.559559 0.096152 0.120189
1  0.461019 0.583597 0.108172 0.134618
1  0.926162 0.583597 0.081730 0.100961
1  0.899720 0.614845 0.081730 0.096155
1  0.862460 0.648500 0.079326 0.091349
1  0.551163 0.904509 0.096155 0.098555
1  0.512700 0.927347 0.086539 0.100961
1  0.805970 0.858838 0.086539 0.088938
1  0.767508 0.875666 0.091346 0.093749
1  0.737461 0.916529 0.088942 0.093749
1  0.702604 0.939367 0.091346 0.105766
1  0.670154 0.971818 0.088943 0.108177
1  0.631691 0.998259 0.093752 0.103366
1  0.432172 0.995858 0.088942 0.103366

