7  0.708098 0.821202 0.283653 0.449517
7  0.597521 0.518317 0.341344 0.305286
7  0.525404 0.098845 0.552884 0.403846
1  0.430453 0.204616 0.060096 0.105767
1  0.722519 0.840432 0.129808 0.084133
1  0.686461 0.739470 0.129808 0.084137
1  0.668433 0.691395 0.122598 0.079330
1  0.634778 0.559182 0.204327 0.122598
1  0.734540 0.434183 0.067306 0.112978
1  0.634778 0.447403 0.064904 0.105767
1  0.527809 0.487068 0.076925 0.117790
1  0.535021 0.021924 0.062502 0.096152
1  0.458096 0.053173 0.067306 0.100959
1  0.369154 0.086828 0.048076 0.081733
1  0.333098 0.095241 0.062498 0.093752
1  0.297039 0.104857 0.048079 0.069714
1  0.343914 0.227452 0.050481 0.074517
1  0.387182 0.220241 0.069712 0.117786
1  0.476127 0.184182 0.069712 0.122598
1  0.529010 0.161346 0.074523 0.120194
1  0.709299 0.164954 0.137017 0.079325
1  0.688866 0.006299 0.105766 0.069710

