1  0.435417 0.375951 0.165867 0.060096
1  0.245514 0.767778 0.146639 0.050480
1  0.245514 0.711289 0.122594 0.038462
1  0.247918 0.653598 0.146630 0.052883
1  0.257537 0.587490 0.122594 0.045676
1  0.258736 0.532203 0.129809 0.045669
1  0.253929 0.475714 0.139424 0.052882
1  0.263543 0.413212 0.129809 0.057693
1  0.264747 0.350714 0.127401 0.043267
1  0.283976 0.281003 0.189902 0.057693
1  0.417393 0.511770 0.134616 0.057693
1  0.423399 0.444461 0.132217 0.062498
1  0.417388 0.576674 0.139423 0.048078
1  0.416189 0.701676 0.132208 0.048078
1  0.418592 0.760567 0.137015 0.045669
7  0.172195 0.865134 0.620195 0.168269
7  0.334454 0.544220 0.305290 0.478363
1  0.131330 0.881963 0.043273 0.134612
1  0.447439 0.877155 0.060093 0.134618
1  0.372920 0.883164 0.055286 0.132209
1  0.312823 0.880762 0.050479 0.132209
1  0.249117 0.881963 0.052887 0.134612
1  0.189024 0.879558 0.048071 0.134618
1  0.073641 0.875954 0.043264 0.137020
1  0.013543 0.881960 0.043273 0.139422
1  0.866909 0.962491 0.158652 0.122600
1  0.900563 0.906002 0.163459 0.120191
1  0.941428 0.845903 0.173073 0.129807
1  0.971474 0.784607 0.156253 0.112978

