1  0.232113 0.912488 0.081730 0.091347
1  0.198459 0.949748 0.096153 0.103364
1  0.166007 0.985804 0.088942 0.084133
1  0.277786 0.887247 0.067307 0.079326
1  0.145575 0.803112 0.096153 0.108170
1  0.307834 0.851191 0.084134 0.093750
1  0.345093 0.828351 0.086538 0.096154
1  0.258555 0.718979 0.091346 0.098557
1  0.423218 0.774268 0.084134 0.093751
1  0.458074 0.738210 0.091346 0.103364
1  0.376343 0.638449 0.081730 0.091343
1  0.492929 0.706958 0.084134 0.098557
1  0.411199 0.603592 0.093750 0.108175
1  0.530189 0.681717 0.072115 0.081730
1  0.449660 0.579555 0.084134 0.093746
1  0.565044 0.648064 0.088942 0.100960
1  0.607111 0.615611 0.091346 0.098557
1  0.644371 0.578351 0.084134 0.096154
1  0.565044 0.482197 0.084134 0.096154
1  0.599900 0.452152 0.086538 0.093750
1  0.679228 0.542295 0.105772 0.120191
7  0.232113 0.839172 0.942311 0.843750
1  0.075864 0.881239 0.072115 0.076923
1  0.009758 0.949746 0.064904 0.069713
1  0.949662 0.834364 0.084134 0.093751
1  0.916008 0.863210 0.079326 0.084133
1  0.751345 0.977390 0.072115 0.086541
1  0.953268 0.999027 0.096153 0.110578
1  0.863124 0.890852 0.069711 0.081730
1  0.996537 0.968977 0.067307 0.079326

