1  0.475033 0.578970 0.254806 0.348556
1  0.303162 0.493641 0.305281 0.399043
1  0.214219 0.456380 0.262027 0.353363
1  0.243060 0.980416 0.319709 0.382205
1  0.186576 0.920316 0.264424 0.353363
1  0.240656 0.736424 0.098554 0.134621
1  0.090419 0.872240 0.317312 0.425481
1  0.012294 0.812147 0.252394 0.367784
1  0.390899 0.542918 0.288471 0.372591
1  0.481041 0.194362 0.146633 0.199515
1  0.531524 0.229219 0.175474 0.230773
1  0.929359 0.766474 0.322107 0.411060
1  0.555563 0.291716 0.112982 0.149042

