1  0.102876 0.252323 0.132209 0.048078
1  0.111290 0.201840 0.110575 0.048078
1  0.107683 0.146551 0.098554 0.038465
1  0.422587 0.374917 0.103361 0.038465
1  0.237491 0.254728 0.112978 0.048078
1  0.239894 0.209052 0.103366 0.038465
1  0.245904 0.123714 0.100958 0.045674
1  0.245904 0.079247 0.110581 0.033655
1  0.244700 0.035976 0.103366 0.043268
1  0.114895 0.091262 0.112978 0.043268
1  0.112491 0.040785 0.112978 0.043269
1  0.949029 0.205448 0.108177 0.050483
1  0.955040 0.100881 0.105769 0.043268
1  0.958644 0.054006 0.108172 0.040863
1  0.965856 0.009535 0.103361 0.048078
1  0.527152 0.318428 0.105769 0.040870
1  0.522345 0.265543 0.100963 0.045673
1  0.535568 0.211457 0.098560 0.038465
1  0.530762 0.159775 0.108172 0.045673
1  0.531963 0.105684 0.105769 0.043269
1  0.530762 0.051601 0.103366 0.036054
1  0.529557 0.001118 0.100957 0.040864
1  0.661769 0.319631 0.105769 0.038465
1  0.658164 0.273954 0.108172 0.043268
1  0.656963 0.215061 0.100963 0.045673
1  0.664175 0.112899 0.115387 0.043268
1  0.671387 0.057610 0.100963 0.043275

