1  0.574270 0.849895 0.081732 0.115383
1  0.736531 0.034989 0.156249 0.115383
1  0.302637 0.540999 0.129807 0.103372
1  0.190855 0.895567 0.088943 0.120194
1  0.252155 0.893165 0.062501 0.081730
1  0.301434 0.983307 0.069712 0.088947
1  0.333885 0.952055 0.057693 0.074522
1  0.430038 0.913596 0.062501 0.079325
1  0.479318 0.875136 0.055286 0.074522
7  0.217297 0.550613 0.362980 0.213944
7  0.395184 0.864320 0.454326 0.374998
1  0.520182 0.869127 0.064904 0.086541
1  0.609126 0.821049 0.060099 0.076920
1  0.551433 0.717681 0.055286 0.072117
1  0.514175 0.738116 0.072115 0.098552
1  0.467299 0.775373 0.060099 0.076928
1  0.920423 0.633550 0.173074 0.221152
1  0.950473 0.849890 0.127405 0.177886
1  0.850711 0.679222 0.139425 0.201924

