10  0.430913 0.957338 0.086537 0.081730
10  0.208556 0.622002 0.103365 0.088944
10  0.237402 0.665271 0.103365 0.088944
10  0.263845 0.709743 0.103365 0.091344
10  0.523460 0.647242 0.098557 0.086538
10  0.551105 0.685704 0.091345 0.076924
10  0.581152 0.730176 0.088942 0.074518
10  0.603990 0.781858 0.105767 0.086538
10  0.635239 0.821521 0.105770 0.084132
10  0.297500 0.748203 0.108173 0.086538
10  0.319133 0.792675 0.098557 0.088944
10  0.202548 0.802289 0.110578 0.093750
10  0.361202 0.826328 0.096152 0.088941
10  0.280672 0.878012 0.088942 0.081730
10  0.293894 0.922484 0.096155 0.084135
10  0.380432 0.873204 0.096152 0.086538
10  0.668894 0.859983 0.091347 0.088941
10  0.704951 0.896040 0.096155 0.088941
10  0.065528 0.595560 0.110575 0.098558
10  0.178508 0.583540 0.096155 0.084135
10  0.156874 0.535463 0.100963 0.088944
10  0.465769 0.567915 0.098557 0.081732
10  0.075143 0.255414 0.081729 0.100961
10  0.326346 0.358781 0.098557 0.086538
10  0.359999 0.396042 0.088942 0.079327
10  0.384038 0.432099 0.093750 0.079327
10  0.408075 0.482580 0.088942 0.079327
10  0.440529 0.524646 0.100963 0.086538
10  0.408075 0.912868 0.098557 0.088944
10  0.454951 0.997003 0.081732 0.079327
10  0.334758 0.965753 0.086537 0.084135
10  0.036682 0.980176 0.091345 0.084135
4  0.664085 0.107578 0.413463 0.478366

