1  0.848903 0.092788 0.237979 0.173076
1  0.838086 0.139663 0.187501 0.132213
1  0.818854 0.179325 0.221150 0.153845
1  0.794816 0.217787 0.221155 0.153848
1  0.763567 0.256247 0.230768 0.163462
1  0.740730 0.293508 0.185094 0.137020
1  0.708277 0.325961 0.221155 0.163462
1  0.675824 0.356007 0.194712 0.141827
1  0.645776 0.387258 0.201923 0.161059
1  0.606114 0.423317 0.189908 0.156248
1  0.588084 0.473796 0.206732 0.161059
1  0.408998 0.331969 0.242788 0.204330
1  0.461883 0.286297 0.194707 0.141827
1  0.463084 0.231008 0.230768 0.161055
1  0.488326 0.187739 0.242788 0.175480
1  0.501547 0.142066 0.192305 0.132213
1  0.524382 0.112019 0.189903 0.134616
1  0.534000 0.060335 0.218748 0.161055

