1  0.644038 0.999276 0.028846 0.072114
7  0.845961 0.034132 0.490384 0.353363
7  0.861586 0.599037 0.521634 0.343752
1  0.695721 0.692786 0.050480 0.127404
1  0.751009 0.680765 0.045674 0.122596
1  0.803894 0.683169 0.050483 0.122596
1  0.855576 0.675959 0.043270 0.132208
1  0.912067 0.675957 0.045672 0.122596
1  0.970960 0.667545 0.048076 0.139420
1  0.624806 0.787739 0.019230 0.057694
1  0.618798 0.681970 0.026444 0.067306
1  0.648846 0.686776 0.024039 0.062502
1  0.654855 0.757690 0.031250 0.074518
1  0.985384 0.125479 0.048076 0.141829
1  0.931297 0.127883 0.045672 0.117788
1  0.873605 0.133891 0.036056 0.115388
1  0.819519 0.127883 0.048076 0.127404
1  0.771441 0.147112 0.043270 0.132213
1  0.653653 0.153122 0.048076 0.139425
1  0.592355 0.163941 0.060098 0.103363
1  0.678893 0.525718 0.045674 0.134617
1  0.735384 0.517304 0.048076 0.127404
1  0.793076 0.524516 0.048079 0.117788
1  0.843557 0.506488 0.048079 0.129804
1  0.896442 0.498076 0.043270 0.112980
1  0.956539 0.493267 0.052885 0.146637

