9  0.040573 0.600397 0.079327 0.170674
9  0.052592 0.304723 0.228366 0.074520
9  0.295380 0.459771 0.170674 0.076923
9  0.571822 0.648473 0.079327 0.194711
9  0.505716 0.667704 0.072115 0.170672
9  0.362687 0.612415 0.069712 0.165866
9  0.099467 0.464579 0.182692 0.072116
9  0.107881 0.617224 0.069712 0.165866
9  0.171582 0.591983 0.067309 0.153847
9  0.238891 0.622031 0.072115 0.170672
9  0.307399 0.620829 0.069712 0.177884
9  0.307400 0.303521 0.223557 0.076924
9  0.574227 0.206165 0.074518 0.156249
9  0.437208 0.590780 0.088942 0.228365
10  0.533362 0.908089 0.108171 0.103366

