9  0.987084 0.575609 0.055289 0.199521
9  0.630113 0.235465 0.048074 0.201924
9  0.738285 0.343638 0.043270 0.201924
9  0.699826 0.340032 0.048078 0.199518
9  0.660160 0.332821 0.050480 0.199521
9  0.836843 0.144119 0.043270 0.197115
9  0.800787 0.144118 0.048078 0.201924
9  0.761125 0.127291 0.050480 0.197115
9  0.720257 0.130897 0.045676 0.199521
9  0.682998 0.126090 0.048078 0.204327
9  0.594056 0.229456 0.052883 0.199518
9  0.370498 0.391714 0.134617 0.043270
9  0.372902 0.353253 0.139426 0.048077
9  0.380113 0.317195 0.134613 0.043270
9  0.381314 0.281138 0.141828 0.048077
9  0.392132 0.210224 0.134613 0.045674
9  0.396939 0.175368 0.139422 0.048077
9  0.399345 0.140513 0.139422 0.040864
9  0.776748 0.353253 0.048078 0.201921
9  0.815209 0.354455 0.052883 0.199518
9  0.607277 0.444599 0.055285 0.201924
9  0.472660 0.376090 0.050480 0.199518
9  0.947421 0.575609 0.057691 0.204327
9  0.666171 0.765513 0.192309 0.117789
9  0.483478 0.635706 0.062500 0.084135
9  0.460642 0.534744 0.031250 0.103364
9  0.794777 0.568398 0.050480 0.199518
9  0.755113 0.563590 0.052887 0.199521
9  0.715449 0.555176 0.050480 0.206731
9  0.676988 0.543157 0.050480 0.201924
9  0.636123 0.541955 0.055289 0.199521

