9  0.570951 0.051266 0.213941 0.026445
9  0.574557 0.087325 0.206728 0.026442
9  0.578162 0.119775 0.204328 0.024037
9  0.581768 0.153431 0.206732 0.028846
9  0.581768 0.187083 0.201924 0.028846
9  0.568549 0.220736 0.204328 0.028846
9  0.572153 0.254392 0.206729 0.028846
9  0.558931 0.285641 0.209137 0.024040
9  0.564942 0.319295 0.201924 0.028846
9  0.576962 0.509200 0.168268 0.105770
9  0.764462 0.625786 0.028847 0.209136
9  0.733210 0.742373 0.028847 0.201925
9  0.695952 0.757998 0.031252 0.204326
9  0.662298 0.741170 0.031248 0.213942
9  0.563740 0.738765 0.031252 0.199520
9  0.494028 0.741170 0.031252 0.204330
9  0.349797 0.047661 0.180289 0.028846
9  0.354605 0.119775 0.199516 0.033656
9  0.355807 0.151026 0.206728 0.024037
9  0.364220 0.184680 0.189902 0.024040
9  0.353403 0.247179 0.201920 0.033652
9  0.359412 0.318093 0.199520 0.031251
9  0.354605 0.386604 0.199516 0.028846
9  0.439941 0.449102 0.206728 0.028846

