9  0.482108 0.499078 0.158654 0.192307
9  0.950859 0.151722 0.177886 0.252408
9  0.877542 0.179368 0.180289 0.254808
9  0.789801 0.167347 0.187502 0.249998
9  0.711678 0.237060 0.218750 0.269229
9  0.697255 0.821194 0.146634 0.177886
9  0.643166 0.856048 0.139425 0.170671
9  0.585476 0.875281 0.125003 0.165866
9  0.539801 0.908932 0.129809 0.161055
9  0.491724 0.944991 0.134615 0.170671
9  0.369128 0.971434 0.129809 0.141825
9  0.619130 0.577201 0.134615 0.161055
9  0.422014 0.535135 0.163464 0.201927
9  0.390764 0.328403 0.158654 0.192306
9  0.334272 0.369269 0.156251 0.187496
9  0.277782 0.401720 0.173076 0.204327
9  0.228504 0.449799 0.151440 0.180291
9  0.167206 0.482250 0.168270 0.192311
9  0.102301 0.512299 0.177886 0.209137
9  0.043406 0.545952 0.180289 0.209132
9  0.018169 0.628885 0.149037 0.173081

