7  0.315714 0.874358 0.612980 0.713941
1  0.886625 0.924838 0.115379 0.141825
1  0.838550 0.886376 0.100958 0.137020
1  0.778452 0.857529 0.115379 0.146629
1  0.375807 0.653203 0.108173 0.088942
1  0.404654 0.620750 0.112980 0.091351
1  0.427490 0.582291 0.105765 0.091345
1  0.458745 0.534209 0.153845 0.115387
1  0.330135 0.730124 0.098559 0.084131
1  0.351771 0.692866 0.098559 0.086540
1  0.298889 0.764980 0.103365 0.086540
1  0.443120 0.793827 0.132209 0.105771
1  0.714752 0.940459 0.122594 0.096156
1  0.356579 0.922432 0.122603 0.098552
1  0.328936 0.971712 0.125002 0.100967
1  0.419080 0.838298 0.132217 0.108167
1  0.476769 0.751758 0.122594 0.098558
1  0.278452 0.805845 0.105765 0.091345
1  0.512831 0.710893 0.117787 0.098558
1  0.532060 0.662815 0.122603 0.098558
1  0.146244 0.984934 0.110581 0.084131
1  0.173887 0.947673 0.103366 0.086534
1  0.201530 0.912817 0.096150 0.088942
1  0.232781 0.881568 0.100967 0.084138
1  0.248406 0.834694 0.098558 0.081729
1  0.003213 0.661614 0.112980 0.096156
1  0.034463 0.624356 0.117796 0.088942
1  0.063306 0.584693 0.122594 0.096149
1  0.089750 0.535414 0.084138 0.064907
1  0.111386 0.501759 0.112980 0.093753
1  0.142637 0.462096 0.122594 0.100960
1  0.177490 0.414018 0.134616 0.096156
1  0.010424 0.386376 0.132217 0.108174
1  0.041674 0.334691 0.132217 0.100960
1  0.189512 0.347913 0.153845 0.122600
1  0.057299 0.270989 0.134608 0.108173

