7  0.662670 0.628211 0.586537 1.300477
1  0.947525 0.913068 0.117787 0.081729
1  0.941513 0.973163 0.129811 0.086541
1  0.565313 0.985183 0.156250 0.096155
1  0.589351 0.921481 0.137019 0.088942
1  0.610987 0.856574 0.137018 0.088942
1  0.625409 0.796479 0.165862 0.098557
1  0.637426 0.733980 0.146638 0.093749
1  0.693918 0.612587 0.139423 0.086541
1  0.723964 0.489990 0.137018 0.086541
1  0.763630 0.357777 0.149043 0.091348
1  0.778055 0.297682 0.125001 0.076922
1  0.804494 0.236383 0.158654 0.098557
1  0.829738 0.178692 0.151440 0.098561

