10  0.739806 0.083463 0.088944 0.048075
9  0.036680 0.528176 0.225961 0.057691
9  0.302306 0.560628 0.233174 0.069713
9  0.027065 0.591878 0.235577 0.055288
9  0.317930 0.625531 0.250001 0.079326
9  0.029468 0.653175 0.235577 0.052881
9  0.316729 0.694040 0.204328 0.076923
9  0.632834 0.618320 0.235578 0.064904
9  0.662883 0.702454 0.242790 0.074520
9  0.012643 0.809425 0.139423 0.240387
10  0.753026 0.144762 0.081731 0.045672
9  0.075142 0.819041 0.139423 0.245193
9  0.132834 0.845482 0.110577 0.201924
9  0.206152 0.845484 0.127404 0.240384
9  0.265046 0.863512 0.134614 0.228365
9  0.327546 0.874329 0.139423 0.230768
9  0.393651 0.882742 0.132211 0.233175
9  0.452545 0.910386 0.125000 0.201924
9  0.517450 0.920002 0.120193 0.206730
9  0.029468 0.262551 0.100961 0.242787
9  0.102786 0.282982 0.093748 0.249999
9  0.171295 0.309425 0.100961 0.254809
9  0.900864 0.352694 0.088942 0.235578
9  0.829949 0.356300 0.096154 0.242790
9  0.761439 0.341877 0.098558 0.233175
9  0.700142 0.335867 0.091347 0.225962
9  0.630431 0.334666 0.086538 0.233171
9  0.563122 0.332261 0.096154 0.237981
9  0.498220 0.331059 0.100961 0.240384
9  0.430912 0.321445 0.096154 0.230768
9  0.364805 0.325050 0.098558 0.247597
9  0.301104 0.311828 0.096154 0.235578
9  0.237401 0.303415 0.093751 0.233171
9  0.585959 0.916395 0.137017 0.237981
9  0.644853 0.930819 0.134614 0.228365
9  0.713363 0.941638 0.141829 0.235578
9  0.774662 0.957261 0.134616 0.223555
9  0.845575 0.968079 0.137020 0.245190

