7  0.588017 0.255747 0.367789 1.531249
7  0.066384 0.266562 0.300485 1.591345
1  0.601240 0.424013 0.057691 0.156252
1  0.603643 0.829062 0.067303 0.129805
1  0.469026 0.968486 0.120193 0.043268
1  0.470230 0.910795 0.132214 0.043268
1  0.475036 0.850699 0.137020 0.043269
1  0.477439 0.789401 0.137020 0.050483
1  0.482248 0.676418 0.122596 0.050483
1  0.484654 0.615119 0.141826 0.048078
1  0.485855 0.551419 0.139423 0.040870
1  0.484654 0.494927 0.137020 0.052888
1  0.490664 0.436034 0.124999 0.050483
1  0.491863 0.329063 0.137020 0.048078
1  0.502683 0.273773 0.115382 0.052881
1  0.487057 0.214880 0.127408 0.040870
1  0.490662 0.166805 0.129811 0.045673
1  0.499075 0.111512 0.132209 0.045673
1  0.499075 0.062239 0.137015 0.043268
1  0.594028 0.646370 0.048073 0.134615
1  0.652923 0.307428 0.127403 0.048071
1  0.652923 0.249734 0.117790 0.048078
1  0.657729 0.039398 0.117790 0.045673
1  0.645711 0.092286 0.108172 0.045673
1  0.000277 0.004544 0.105769 0.038465
1  0.114462 0.999737 0.098560 0.048078
1  0.118066 0.946849 0.129811 0.048078
1  0.125279 0.896369 0.120193 0.038465
1  0.116862 0.833872 0.122596 0.048078
1  0.124074 0.722091 0.112979 0.055293
1  0.125279 0.657188 0.120193 0.040870
1  0.122873 0.604304 0.115382 0.040863
1  0.128883 0.546613 0.122596 0.045673
1  0.121671 0.443249 0.127408 0.045673
1  0.126480 0.391563 0.127403 0.048078
1  0.126480 0.339878 0.132209 0.050483
1  0.132491 0.293002 0.110575 0.043268
1  0.133692 0.238919 0.098560 0.036053
1  0.134894 0.187233 0.129811 0.043268
1  0.131286 0.139159 0.132209 0.048071
1  0.139703 0.088679 0.120193 0.043268
1  0.139700 0.036997 0.105769 0.036060

