7  0.481560 0.972681 0.050485 0.901443
7  0.172667 0.902970 0.048076 0.762019
1  0.405840 0.626530 0.076924 0.031251
1  0.403436 0.532778 0.091349 0.036058
1  0.408244 0.565231 0.081733 0.033654
1  0.411850 0.596481 0.079328 0.028847
1  0.423868 0.704654 0.060092 0.024040
1  0.229157 0.985903 0.064904 0.024036
1  0.426272 0.731096 0.064900 0.024036
1  0.422666 0.756335 0.067304 0.026443
1  0.416658 0.809222 0.069712 0.026443
1  0.422666 0.832056 0.062496 0.024040
1  0.422666 0.858500 0.067304 0.024040
1  0.420262 0.884943 0.067304 0.024040
1  0.423868 0.908981 0.069708 0.024036
1  0.426272 0.934220 0.069708 0.021636
1  0.426272 0.960664 0.064900 0.026443
1  0.427474 0.983500 0.067304 0.024036
1  0.232763 0.960664 0.067308 0.026443
1  0.125791 0.928211 0.045677 0.024040
1  0.229157 0.560423 0.069712 0.028847
1  0.133003 0.975085 0.050484 0.026443
1  0.131801 0.996721 0.043272 0.021636
1  0.226753 0.609701 0.069712 0.026443
1  0.230359 0.936624 0.062500 0.026443
1  0.218339 0.632539 0.057692 0.024040
1  0.219541 0.680614 0.055288 0.024040
1  0.223147 0.704654 0.062500 0.028847
1  0.229157 0.750326 0.069712 0.024040
1  0.219541 0.773162 0.055288 0.021632
1  0.229157 0.797200 0.064904 0.036058
1  0.223147 0.821240 0.052884 0.021636
1  0.225551 0.845278 0.057692 0.021632
1  0.220743 0.868114 0.052884 0.024040
1  0.220743 0.892154 0.057692 0.024040
1  0.225551 0.913788 0.048076 0.024036
1  0.539252 0.982298 0.069708 0.026439
1  0.545262 0.531576 0.100960 0.033654
1  0.535646 0.562827 0.081728 0.033654
1  0.540454 0.592876 0.081728 0.036058
1  0.535646 0.628934 0.086536 0.036058
1  0.541656 0.691433 0.084132 0.031246
1  0.544060 0.720278 0.079324 0.031251
1  0.545262 0.750326 0.076920 0.028847
1  0.544060 0.776770 0.074516 0.028847
1  0.538050 0.804413 0.067304 0.026439
1  0.539252 0.834460 0.084132 0.033654
1  0.540454 0.895759 0.072112 0.036058
1  0.541656 0.928211 0.074516 0.028847
1  0.539252 0.957058 0.074516 0.028847
1  0.129397 0.951047 0.048081 0.021632
1  0.122187 0.902970 0.048076 0.026443
1  0.217137 0.656577 0.050480 0.024036
1  0.123389 0.877730 0.055288 0.019228
1  0.105359 0.544796 0.076924 0.031251
1  0.114975 0.571240 0.052884 0.021636
1  0.113773 0.616914 0.055288 0.026439
1  0.120985 0.639750 0.055288 0.024040
1  0.114975 0.667395 0.057692 0.026443
1  0.117379 0.708260 0.052884 0.021636
1  0.119783 0.734701 0.062500 0.021632
1  0.118581 0.757537 0.060096 0.024040
1  0.120985 0.782779 0.060096 0.026443
1  0.122187 0.809220 0.052884 0.021632
1  0.119783 0.830854 0.052884 0.021636
1  0.497184 0.405374 0.062500 0.026439

