1  0.861216 0.206395 0.153846 0.129810
1  0.992225 0.331398 0.137017 0.124998
1  0.222993 0.057361 0.103370 0.086540
1  0.245830 0.116253 0.115386 0.108179
1  0.310735 0.226829 0.105771 0.093744
1  0.355203 0.261686 0.108172 0.100966
1  0.459771 0.413130 0.096150 0.081728
1  0.495827 0.464810 0.153846 0.127400
1  0.718185 0.029718 0.132215 0.122597
1  0.754241 0.078991 0.151440 0.144227
1  0.791501 0.124667 0.149039 0.134613
1  0.629243 0.706397 0.151446 0.120186
1  0.676118 0.821780 0.173076 0.115384
1  0.706166 0.878271 0.156253 0.112973
1  0.732607 0.929955 0.141831 0.105769
1  0.773474 0.974426 0.141830 0.103368

