9  0.499355 0.488006 0.189900 0.189903
9  0.780607 0.497616 0.180286 0.204329
9  0.877959 0.500022 0.192309 0.199518
9  0.971712 0.507234 0.192302 0.185093
9  0.076279 0.645454 0.209138 0.187506
9  0.166421 0.658677 0.201925 0.180290
9  0.256568 0.673098 0.204327 0.185093
9  0.353924 0.681514 0.182687 0.182695
9  0.445271 0.674301 0.197114 0.182687
9  0.537815 0.680311 0.189900 0.180289
9  0.728921 0.691124 0.192310 0.192309
9  0.917624 0.697138 0.189901 0.185093
9  0.585895 0.480793 0.199515 0.199517
9  0.410414 0.486803 0.189908 0.211537
9  0.314259 0.475982 0.170670 0.199518
9  0.085898 0.076946 0.204327 0.180289
9  0.190459 0.074541 0.192310 0.180289
9  0.279405 0.086560 0.201918 0.175478
9  0.376757 0.084155 0.194712 0.170667
9  0.448878 0.094972 0.204327 0.182695
9  0.561853 0.100982 0.194712 0.170675
9  0.655607 0.106992 0.199523 0.177884
9  0.825079 0.114204 0.211540 0.187498
9  0.944067 0.114204 0.189901 0.182687
9  0.016182 0.448342 0.189901 0.201923
9  0.126760 0.462759 0.180293 0.197112
9  0.225320 0.469976 0.185097 0.201923

