1  0.817680 0.868790 0.139424 0.064901
1  0.833309 0.807491 0.141825 0.067302
1  0.820087 0.696915 0.110579 0.067311
1  0.800854 0.651239 0.115386 0.062499
1  0.792442 0.549077 0.141825 0.069712
1  0.803258 0.493791 0.110579 0.055286
1  0.785231 0.383210 0.146632 0.069712
1  0.755183 0.275040 0.134610 0.064909
1  0.757586 0.165668 0.125001 0.072114
1  0.744367 0.099558 0.141825 0.074515
1  0.745567 0.001002 0.129809 0.069712
1  0.403019 0.946911 0.117787 0.052885
1  0.387393 0.713743 0.100964 0.048082
1  0.384992 0.835139 0.129809 0.069712
1  0.382588 0.776242 0.115386 0.057687
1  0.391000 0.891630 0.108178 0.062499
1  0.335711 0.493791 0.112980 0.055286
1  0.345329 0.432492 0.108172 0.062508
1  0.334510 0.382014 0.105765 0.048073
1  0.322488 0.331535 0.110579 0.052885
1  0.328499 0.272638 0.161061 0.055286
1  0.322488 0.164463 0.120194 0.074524
1  0.316480 0.113984 0.108178 0.064909
1  0.305662 0.013023 0.144231 0.079327

