1  0.075041 0.037370 0.043268 0.057694
1  0.048597 0.328236 0.052883 0.043270
1  0.392347 0.347466 0.125002 0.076924
1  0.353886 0.446023 0.120190 0.076924
1  0.470471 0.525352 0.103366 0.072115
1  0.454848 0.569821 0.100964 0.064902
1  0.329848 0.549389 0.115387 0.072119
1  0.310615 0.597467 0.120195 0.067309
1  0.444032 0.616697 0.112981 0.072115
1  0.281770 0.643139 0.124997 0.081734
1  0.427203 0.661170 0.093750 0.060097
1  0.278165 0.696024 0.117788 0.072115
1  0.263743 0.751313 0.108173 0.048075
1  0.387539 0.795784 0.110574 0.064903
1  0.067827 0.309006 0.072114 0.043270
1  0.041386 0.359486 0.052888 0.024036
1  0.064221 0.384727 0.069712 0.031252
1  0.053405 0.421985 0.100959 0.043266
1  0.037781 0.473669 0.108173 0.074517
1  0.029367 0.625110 0.038466 0.031252
1  0.030570 0.528958 0.112981 0.060097
1  0.025760 0.578237 0.108173 0.067309
1  0.409173 0.296986 0.115382 0.072115
1  0.526964 0.346263 0.100959 0.069712
1  0.345471 0.274150 0.021637 0.045672
1  0.993309 0.397946 0.052883 0.086539
1  0.959654 0.389534 0.048076 0.079327
1  0.927204 0.375110 0.060097 0.084132
1  0.889944 0.371506 0.062499 0.096154
1  0.934415 0.580639 0.045675 0.081734
1  0.867106 0.551794 0.055285 0.091345
1  0.832253 0.546987 0.052883 0.081730
1  0.838261 0.653957 0.055285 0.079327
1  0.867106 0.668380 0.055285 0.088942
1  0.978884 0.699630 0.057691 0.088946
1  0.984895 0.294581 0.040867 0.076924
1  0.953645 0.282564 0.045675 0.081730
1  0.919992 0.270544 0.055290 0.086539
1  0.972876 0.102273 0.060092 0.100960
1  0.555809 0.258524 0.105772 0.072119
1  0.781771 0.972467 0.081729 0.149039
1  0.716866 0.958044 0.076926 0.144229
1  0.659175 0.946022 0.076926 0.124999
1  0.609893 0.923188 0.079328 0.127402
1  0.655570 0.824631 0.093750 0.055287
1  0.669991 0.777755 0.108173 0.067305
1  0.685616 0.733284 0.105767 0.060097
1  0.706047 0.643141 0.112981 0.062500
1  0.732492 0.603476 0.093750 0.064902
1  0.742107 0.550591 0.103366 0.064902
1  0.752925 0.504918 0.096157 0.060097
1  0.768549 0.459244 0.117788 0.069712
1  0.781771 0.412368 0.100959 0.062500
1  0.801001 0.367899 0.100959 0.064906
1  0.808212 0.323426 0.105767 0.062500
1  0.825039 0.276553 0.100959 0.064902
1  0.838261 0.230880 0.108173 0.064902
1  0.851481 0.180398 0.129810 0.074521
1  0.867109 0.138332 0.112981 0.072115
1  0.498116 0.036167 0.081734 0.055287
1  0.458455 0.152755 0.112981 0.062500
1  0.573836 0.214053 0.112981 0.074521
1  0.835857 0.985688 0.084135 0.146632
1  0.988499 0.899150 0.048076 0.079327
1  0.743310 0.822226 0.052883 0.084132
1  0.778164 0.830638 0.050482 0.086539
1  0.813020 0.845062 0.048076 0.086539
1  0.847876 0.859487 0.050482 0.086539
1  0.883933 0.866697 0.055290 0.086535
1  0.954846 0.887129 0.048076 0.084133
7  0.756530 0.501312 0.454324 1.033657
7  0.986095 0.994101 0.663461 0.418272
7  0.441628 0.378716 0.540865 1.038463
1  0.903166 0.569823 0.050482 0.084136
1  0.972876 0.589053 0.050477 0.088942
1  0.905570 0.681601 0.055290 0.091349
7  0.101483 0.242898 0.432692 0.959136

