9  0.601517 0.583843 0.149039 0.163461
9  0.517382 0.499708 0.149039 0.173077
9  0.658006 0.736487 0.137020 0.132211
9  0.659209 0.641536 0.125000 0.134615
9  0.375555 0.592257 0.110576 0.098557
9  0.033007 0.076632 0.132209 0.153847
9  0.090699 0.349469 0.204325 0.175481
9  0.450074 0.887930 0.221152 0.189902
9  0.260170 0.736488 0.187499 0.180289
10  0.066662 0.820622 0.093750 0.103365
9  0.463295 0.446824 0.137020 0.158653
9  0.316663 0.318218 0.117788 0.132211
9  0.371949 0.356680 0.103363 0.122595
9  0.385171 0.448025 0.129807 0.156251
9  0.233730 0.301392 0.153846 0.165865
10  0.883970 0.990093 0.093749 0.091347
10  0.261373 0.498506 0.108174 0.108173
10  0.960891 0.897545 0.103367 0.108173
10  0.916422 0.945622 0.125001 0.122595
10  0.825076 0.789373 0.129808 0.137019
9  0.099114 0.591055 0.192306 0.182693

