10  0.533688 0.508856 0.100962 0.084135
10  0.349792 0.883856 0.079326 0.093751
10  0.299313 0.969193 0.074519 0.091346
10  0.414696 0.772077 0.084135 0.100962
10  0.929120 0.739625 0.098558 0.079327
10  0.260850 0.350203 0.103365 0.084135
10  0.451956 0.463183 0.100962 0.084135
10  0.889456 0.385058 0.105769 0.086538
10  0.635851 0.238423 0.103365 0.086538
9  0.804119 0.660298 0.103365 0.088943
9  0.463976 0.680731 0.081729 0.110576
9  0.677917 0.591789 0.105771 0.091346
9  0.643063 0.448760 0.093749 0.079329
9  0.762053 0.305731 0.091346 0.072116
9  0.483207 0.141067 0.091345 0.079327

