10  0.663902 0.454306 0.040869 0.076924
10  0.711975 0.460320 0.036067 0.074518
10  0.858607 0.483155 0.036067 0.086544
10  0.947550 0.480758 0.036053 0.091339
10  0.990820 0.489168 0.031250 0.088951
10  0.054528 0.415852 0.033659 0.086546
10  0.830963 0.227152 0.038460 0.088935
10  0.160291 0.441093 0.033659 0.079329
10  0.214377 0.435087 0.050488 0.096150
10  0.181923 0.075709 0.043263 0.093745
10  0.174713 0.189892 0.033659 0.086546
10  0.234812 0.191095 0.038460 0.088951
10  0.413899 0.382193 0.074529 0.086544
10  0.570152 0.449512 0.036053 0.076924
10  0.614619 0.451909 0.033643 0.081719
10  0.531683 0.209119 0.045671 0.091356
10  0.588171 0.210322 0.038460 0.084139
10  0.644664 0.218741 0.040869 0.081734
10  0.737219 0.223543 0.043262 0.076908
10  0.105008 0.427863 0.038461 0.076923
10  0.007645 0.429074 0.040869 0.084124
10  0.016060 0.192290 0.038461 0.096150

