10  0.332721 0.933351 0.060092 0.139425
10  0.323105 0.802342 0.050482 0.103365
9  0.088730 0.388881 0.182691 0.247595
9  0.249788 0.376861 0.177886 0.242790
9  0.327910 0.381670 0.185096 0.247595
9  0.410846 0.379265 0.187501 0.242786
9  0.562286 0.381669 0.187501 0.242790
9  0.642816 0.369650 0.180286 0.242790
9  0.725749 0.372054 0.187496 0.237982
9  0.444499 0.894891 0.062502 0.254806
9  0.526230 0.886477 0.072117 0.247595
9  0.801471 0.369650 0.185096 0.247595
9  0.888009 0.364843 0.185096 0.237982
9  0.961327 0.368449 0.187496 0.245193

