9  0.457381 0.529886 0.365380 0.252408
9  0.348005 0.764262 0.324515 0.221153
9  0.398485 0.694550 0.358176 0.245195
9  0.367239 0.371233 0.362981 0.247599
9  0.198967 0.992625 0.372598 0.249998
9  0.646082 0.223396 0.276438 0.192307
9  0.738630 0.172915 0.274038 0.187504
9  0.428534 0.022674 0.370198 0.223562
9  0.729017 0.085177 0.365386 0.228365
9  0.152090 0.348395 0.312499 0.211541
9  0.229017 0.909692 0.326920 0.228365
9  0.292715 0.844791 0.372598 0.252402
9  0.043918 0.499838 0.336537 0.225961

