9  0.492220 0.428996 0.105771 0.235577
9  0.430921 0.439811 0.108175 0.233173
9  0.286690 0.455438 0.093748 0.240386
9  0.356403 0.447024 0.112980 0.247598
9  0.219384 0.462649 0.098557 0.245191
9  0.150873 0.469860 0.096157 0.235577
9  0.016256 0.502313 0.091348 0.233173
9  0.760247 0.575630 0.262016 0.086541
9  0.553517 0.401351 0.122598 0.252406
9  0.644862 0.430198 0.137021 0.237981
9  0.779480 0.414572 0.127403 0.235574
9  0.844383 0.376112 0.137017 0.259616
9  0.177317 0.931398 0.216346 0.100963
9  0.215774 0.717456 0.230769 0.096154
9  0.472988 0.611688 0.245193 0.091346
9  0.230200 0.647744 0.235574 0.096154
9  0.423709 0.874908 0.242792 0.108172
9  0.707362 0.818418 0.252402 0.091346
9  0.595584 0.996303 0.120194 0.240383
9  0.671306 0.992697 0.122598 0.242787
9  0.745826 0.979476 0.117789 0.240386
9  0.875632 0.954235 0.117785 0.237981
9  0.940536 0.936207 0.112980 0.235577
9  0.912892 0.365293 0.125003 0.242787
10  0.727796 0.467458 0.081729 0.125001

