7  0.989692 0.854869 0.557694 0.701924
7  0.725271 0.692608 0.562501 0.728368
7  0.439213 0.515925 0.557694 0.725966
7  0.156763 0.340442 0.598559 0.735575
1  0.684406 0.638522 0.100967 0.081735
1  0.392342 0.496694 0.098559 0.086534
1  0.411570 0.460637 0.098559 0.076918
1  0.432002 0.422174 0.100967 0.086540
1  0.458442 0.388520 0.081730 0.062498
1  0.505317 0.310398 0.103365 0.084138
1  0.647149 0.289965 0.103365 0.129807
1  0.606279 0.250299 0.117787 0.141825
1  0.550989 0.199819 0.122594 0.156251
1  0.019743 0.674578 0.084129 0.062498
1  0.038972 0.638521 0.098559 0.076918
1  0.065415 0.607269 0.093742 0.076925
1  0.087047 0.572417 0.093751 0.079327
1  0.105076 0.537558 0.096150 0.081729
1  0.132723 0.502702 0.093742 0.074516
1  0.159167 0.467847 0.098559 0.076925
1  0.182002 0.430586 0.100957 0.079327
1  0.204838 0.393328 0.108172 0.086540
1  0.239692 0.336839 0.086537 0.074522
1  0.266135 0.305590 0.091353 0.074522
1  0.284164 0.269533 0.084138 0.069711
1  0.314215 0.239482 0.096151 0.081729
1  0.379115 0.146936 0.115379 0.141825
1  0.331040 0.108474 0.100958 0.137020
1  0.367098 0.536357 0.091344 0.079327
1  0.340654 0.572414 0.096160 0.084138
1  0.316614 0.612077 0.096151 0.086540
1  0.379115 0.714242 0.076922 0.060096
1  0.733685 0.566405 0.103366 0.081729
1  0.752918 0.530348 0.098559 0.076918
1  0.782965 0.489480 0.096151 0.076925
1  0.933202 0.465445 0.103365 0.124996
1  0.886331 0.435397 0.105765 0.122594
1  0.837047 0.395730 0.108173 0.129807
1  0.292579 0.852463 0.081738 0.062498
1  0.310608 0.815205 0.079322 0.064907
1  0.332240 0.783956 0.088945 0.069711
1  0.359887 0.751500 0.096151 0.072114
1  0.401956 0.681792 0.079330 0.062498
1  0.256521 0.719050 0.086537 0.074516
1  0.425991 0.650539 0.088945 0.072114
1  0.451235 0.615684 0.091344 0.074522
1  0.474067 0.578426 0.093752 0.067309
1  0.494504 0.541168 0.096151 0.079327
1  0.513732 0.500300 0.086536 0.064907
1  0.540175 0.467847 0.086536 0.062498
1  0.561812 0.435397 0.096150 0.079327
1  0.600273 0.363280 0.091343 0.069711
1  0.200027 0.780350 0.103366 0.076925
1  0.232486 0.752704 0.086536 0.074522
1  0.270942 0.079627 0.115379 0.146629
1  0.066619 0.386118 0.120195 0.100960
1  0.120706 0.298376 0.122594 0.098558
1  0.156763 0.257512 0.103366 0.084131
1  0.207242 0.162557 0.122594 0.096156
1  0.707242 0.604867 0.093752 0.076925
1  0.663969 0.675779 0.103366 0.084132
1  0.571421 0.824821 0.081729 0.064906
1  0.597870 0.989483 0.110581 0.086534
1  0.624308 0.937799 0.120186 0.108174
1  0.684406 0.857271 0.105765 0.091345
1  0.718060 0.807992 0.110572 0.084138
1  0.740896 0.767127 0.103357 0.084138
1  0.767335 0.723861 0.112980 0.088942
1  0.796186 0.678185 0.112980 0.093747
1  0.829836 0.637320 0.112980 0.084138
1  0.856284 0.595252 0.108173 0.086534
1  0.880315 0.555588 0.103365 0.084131

