10  0.975155 0.821785 0.100967 0.103368
10  0.000394 0.347026 0.103358 0.062505
10  0.022024 0.292934 0.103357 0.064902
10  0.044864 0.190775 0.105777 0.057688
10  0.049674 0.083805 0.091347 0.050486
10  0.412650 0.214808 0.100953 0.067311
10  0.455919 0.356637 0.105776 0.110583
10  0.497984 0.397501 0.108167 0.105766
10  0.534045 0.440773 0.093737 0.096154
10  0.568903 0.479233 0.100953 0.105777
10  0.746787 0.635485 0.096142 0.110571
10  0.797271 0.682364 0.081727 0.084135
10  0.885003 0.758081 0.108167 0.120193
10  0.935487 0.784522 0.098562 0.105777

