9  0.069661 0.130851 0.124998 0.151446
9  0.152595 0.126045 0.127401 0.151441
9  0.721103 0.118831 0.134617 0.151446
9  0.231920 0.128447 0.137021 0.151441
9  0.945861 0.148878 0.122595 0.149039
9  0.171824 0.896476 0.242792 0.067309
9  0.585287 0.333975 0.122595 0.153843
9  0.020384 0.329169 0.132214 0.153848
9  0.104516 0.325564 0.132208 0.161058
9  0.173026 0.343593 0.129811 0.163460
9  0.245141 0.353206 0.134611 0.158656
9  0.331680 0.345995 0.129805 0.158656
9  0.418218 0.335176 0.129805 0.151441
9  0.504757 0.331571 0.124998 0.158652
9  0.665814 0.333975 0.125004 0.158656
9  0.742736 0.335176 0.120191 0.151441
9  0.811247 0.352005 0.132214 0.151441

