9  0.285049 0.550503 0.192307 0.122595
9  0.697302 0.509638 0.122597 0.199516
9  0.632399 0.503630 0.093752 0.149040
9  0.073508 0.763241 0.129814 0.192309
10  0.542256 0.967570 0.134617 0.081730
10  0.562689 0.919490 0.127401 0.086540
10  0.604757 0.876225 0.149036 0.091341
10  0.492978 0.834157 0.088941 0.064905
10  0.401636 0.966367 0.103367 0.069706
10  0.887208 0.537285 0.088941 0.129809
10  0.830720 0.527665 0.086535 0.129809
10  0.513411 0.738002 0.091346 0.069706
10  0.617980 0.782475 0.127400 0.086540
10  0.622788 0.724780 0.137015 0.096151
10  0.001391 0.575745 0.067312 0.091349
10  0.265815 0.613003 0.129814 0.088944
10  0.342739 0.727185 0.067305 0.096151

