1  0.166880 0.945923 0.249996 0.189901
1  0.931297 0.284862 0.149045 0.170673
1  0.821925 0.212745 0.141823 0.180287
1  0.761830 0.185105 0.132205 0.163463
1  0.704141 0.151443 0.146633 0.182691
1  0.644039 0.127409 0.141823 0.144234
1  0.594762 0.064905 0.163458 0.177883
1  0.535873 0.236786 0.319709 0.247597
1  0.474573 0.323325 0.355772 0.266825
1  0.415671 0.424284 0.362978 0.262018
1  0.390433 0.514427 0.331740 0.225966
1  0.342354 0.681495 0.235583 0.180300
1  0.273854 0.735580 0.281250 0.211532
1  0.229379 0.807697 0.264424 0.206725
1  0.208943 0.883420 0.228376 0.175480

