1  0.014115 0.710332 0.069712 0.050478
1  0.024935 0.759612 0.086537 0.067305
1  0.119886 0.707929 0.088944 0.064905
1  0.212435 0.663457 0.091351 0.067306
1  0.243683 0.582929 0.134614 0.088939
1  0.304982 0.612976 0.084136 0.072111
1  0.391522 0.502399 0.151446 0.105767
1  0.416761 0.550476 0.062502 0.048078
1  0.487676 0.520429 0.103364 0.079328
1  0.583827 0.471149 0.108172 0.081733
1  0.577821 0.415860 0.057694 0.048078
1  0.672772 0.418266 0.088939 0.067311
1  0.770126 0.370188 0.096154 0.072111
1  0.954022 0.271630 0.098561 0.072117
1  0.938396 0.221150 0.081729 0.057689
1  0.317002 0.149033 0.098561 0.144233
1  0.048974 0.096150 0.091346 0.129810
1  0.059791 0.275236 0.108177 0.151438
1  0.119886 0.242786 0.103364 0.149038
1  0.198010 0.194708 0.096154 0.129805
1  0.248494 0.171869 0.105771 0.141827
1  0.362675 0.110575 0.074520 0.100961
1  0.434791 0.080525 0.112980 0.156250
1  0.552579 0.019228 0.088945 0.124999

