9  0.413016 0.359157 0.245192 0.069712
9  0.608930 0.446898 0.218749 0.052884
9  0.471910 0.532232 0.194712 0.055289
9  0.255564 0.523820 0.228365 0.052884
9  0.374556 0.445695 0.240384 0.055289
9  0.756767 0.880790 0.230771 0.050480
9  0.035613 0.372377 0.158655 0.057693
9  0.516383 0.279830 0.201922 0.088941
9  0.295227 0.295454 0.216346 0.057693
9  0.792823 0.964924 0.254808 0.093750
9  0.237535 0.223339 0.341345 0.072117
9  0.059651 0.297857 0.230768 0.067308
10  0.607728 0.356753 0.134615 0.060095
9  0.994747 0.564684 0.240384 0.120192
9  0.675036 0.549060 0.240384 0.069709
9  0.050035 0.506992 0.173077 0.057693
9  0.963497 0.075502 0.225960 0.112979

