7  0.878035 0.437711 0.271636 1.430291
7  0.510251 0.422086 0.242788 1.437503
7  0.154479 0.426895 0.247599 1.451923
1  0.113614 0.157662 0.093748 0.033655
1  0.227796 0.339153 0.096154 0.036056
1  0.110008 0.334347 0.091347 0.036056
1  0.105199 0.292279 0.105767 0.043268
1  0.237414 0.294682 0.096154 0.043274
1  0.113614 0.247808 0.093748 0.040862
1  0.228999 0.249008 0.093748 0.038462
1  0.110008 0.205740 0.100960 0.038462
1  0.114815 0.116797 0.086536 0.038462
1  0.111209 0.072326 0.093748 0.036056
1  0.235008 0.078335 0.091342 0.028849
1  0.232602 0.033864 0.096154 0.036056
1  0.226596 0.382421 0.103366 0.040868
1  0.106402 0.377615 0.088947 0.036056
1  0.102796 0.419680 0.100960 0.038462
1  0.216978 0.470161 0.088942 0.038462
1  0.090775 0.811511 0.096154 0.038462
1  0.207362 0.816318 0.098560 0.038462
1  0.091978 0.765837 0.093748 0.038462
1  0.216980 0.769441 0.093748 0.036056
1  0.213374 0.727375 0.091347 0.038462
1  0.218181 0.685307 0.100960 0.040862
1  0.091980 0.678095 0.103366 0.040862
1  0.094384 0.639636 0.098559 0.036056
1  0.215777 0.643239 0.096154 0.038462
1  0.218181 0.599971 0.086536 0.038462
1  0.100393 0.551894 0.096154 0.043268
1  0.101596 0.508623 0.098559 0.038462
1  0.105202 0.465355 0.100960 0.038462
1  0.216980 0.554297 0.084135 0.038462
1  0.224192 0.512232 0.098559 0.036056
1  0.577558 0.597568 0.108172 0.043268
1  0.458568 0.322328 0.100960 0.036056
1  0.578759 0.142037 0.086536 0.036056
1  0.463374 0.187712 0.105772 0.040868
1  0.578759 0.188914 0.091347 0.038462
1  0.457362 0.229777 0.108172 0.038462
1  0.460968 0.276654 0.100960 0.040868
1  0.587171 0.232183 0.108172 0.038462
1  0.583565 0.277857 0.100960 0.038462
1  0.584768 0.323528 0.103366 0.033655
1  0.581162 0.369200 0.100965 0.038462
1  0.454959 0.410068 0.103366 0.038462
1  0.454959 0.454539 0.103366 0.040868
1  0.576353 0.462951 0.100960 0.033655
1  0.458565 0.502613 0.096154 0.040868
1  0.453759 0.550691 0.091342 0.040862
1  0.581162 0.506220 0.105767 0.043268
1  0.470584 0.142037 0.096154 0.036056
1  0.590780 0.099972 0.096154 0.038462
1  0.475393 0.051892 0.081734 0.038462
1  0.583567 0.049489 0.081730 0.033655
1  0.470584 0.093960 0.096154 0.045674
1  0.208565 0.857180 0.096154 0.038462
1  0.091980 0.858383 0.088942 0.036056
1  0.090775 0.900454 0.096154 0.038462
1  0.198950 0.948529 0.081734 0.033650
1  0.090775 0.985788 0.096154 0.036056
1  0.085969 0.943722 0.096154 0.038462
1  0.581162 0.549491 0.110578 0.038462
1  0.452556 0.634827 0.098559 0.040862
1  0.938133 0.908864 0.112979 0.040868
1  0.940539 0.956941 0.103366 0.040862
1  0.575152 0.639636 0.103361 0.036056
1  0.807124 0.924491 0.096154 0.038462
1  0.938134 0.855980 0.108177 0.045674
1  0.934527 0.805499 0.105767 0.040862
1  0.933327 0.755019 0.103366 0.040862
1  0.451355 0.684107 0.105772 0.038462
1  0.565537 0.684107 0.093753 0.038462
1  0.442943 0.729776 0.108172 0.038462
1  0.444143 0.774250 0.100960 0.040862
1  0.565537 0.777853 0.093753 0.043268
1  0.445346 0.822325 0.103366 0.045674
1  0.567943 0.825933 0.088942 0.033655
1  0.569143 0.872808 0.100965 0.036056
1  0.439334 0.913673 0.105767 0.040862
1  0.444141 0.961750 0.096154 0.040868
1  0.567940 0.919682 0.098559 0.038457
1  0.572747 0.966557 0.108172 0.036056
1  0.945343 0.018239 0.084135 0.033655
1  0.945346 0.103576 0.088942 0.036056
1  0.952555 0.203336 0.108172 0.033655
1  0.948952 0.251411 0.105767 0.043268
1  0.954961 0.300691 0.117785 0.036056
1  0.951355 0.348769 0.105772 0.036061
1  0.947749 0.401652 0.108172 0.040868
1  0.946546 0.499010 0.110578 0.038462
1  0.944143 0.548288 0.110573 0.045669
1  0.944143 0.603577 0.105772 0.040862
1  0.942940 0.646846 0.112979 0.040862
1  0.939336 0.704538 0.115385 0.040862
1  0.804721 0.831943 0.105772 0.045674
1  0.809527 0.783865 0.096159 0.040868
1  0.809528 0.740594 0.086536 0.031250
1  0.810730 0.692520 0.103366 0.040862
1  0.809527 0.649249 0.081734 0.036056
1  0.815537 0.555500 0.098554 0.040868
1  0.816740 0.465357 0.100960 0.043268
1  0.814334 0.420886 0.105772 0.045674
1  0.815537 0.375212 0.098554 0.036061
1  0.817943 0.333144 0.103366 0.038462
1  0.822749 0.240595 0.098554 0.036061
1  0.827558 0.151653 0.098559 0.036061
1  0.826355 0.105981 0.100965 0.040868
1  0.834768 0.057904 0.088942 0.031250
1  0.833567 0.017039 0.086541 0.036056

