9  0.231356 0.713342 0.187502 0.108165
9  0.775825 0.789061 0.146639 0.067316
9  0.424865 0.703725 0.151448 0.064912
9  0.441691 0.786663 0.175482 0.076922
9  0.831114 0.557088 0.185094 0.084135
9  0.442895 0.916465 0.129809 0.076922
9  0.457317 0.470549 0.182693 0.074518
9  0.469337 0.328726 0.153850 0.074518
9  0.287845 0.072717 0.122591 0.086539
9  0.465728 0.405648 0.132210 0.069710
9  0.233761 0.365991 0.158652 0.091347
9  0.093136 0.411659 0.112979 0.086538
9  0.113567 0.470549 0.110578 0.079326
9  0.131594 0.524643 0.117788 0.081730
9  0.179672 0.588342 0.189904 0.103368
9  0.202509 0.652041 0.177890 0.096155
9  0.137604 0.178489 0.173074 0.105772

