9  0.094219 0.985055 0.223560 0.072114
9  0.371867 0.975440 0.221153 0.067308
9  0.016093 0.498276 0.067308 0.209133
9  0.087010 0.482652 0.064906 0.206733
9  0.153114 0.481450 0.062498 0.199517
9  0.222826 0.486258 0.067308 0.204327
9  0.576192 0.534335 0.072113 0.343749
9  0.681961 0.447795 0.072118 0.175481
9  0.692777 0.640103 0.074520 0.189905
9  0.788934 0.527123 0.074520 0.338943
9  0.885086 0.577603 0.074520 0.209133
9  0.946383 0.442989 0.057693 0.180287
9  0.994461 0.958612 0.187504 0.067308
9  0.764892 0.962218 0.132213 0.060096

