1  0.409560 0.655128 0.060094 0.036060
1  0.419176 0.712820 0.084134 0.045674
1  0.373503 0.801761 0.137021 0.069711
7  0.574224 0.345032 0.745191 1.449517
1  0.551387 0.747673 0.108174 0.057693
1  0.558599 0.688781 0.060097 0.036055
1  0.434800 0.621472 0.091347 0.050482
1  0.577829 0.651522 0.117791 0.052885
1  0.552589 0.014500 0.115384 0.062500
1  0.547782 0.070991 0.144231 0.064904
1  0.711241 0.105848 0.129807 0.067307
1  0.704031 0.167146 0.139421 0.074518
1  0.534560 0.129885 0.141827 0.072115
1  0.683599 0.221234 0.122597 0.072115
1  0.512925 0.241665 0.117791 0.060096
1  0.663166 0.272917 0.115384 0.060096
1  0.504512 0.284935 0.115384 0.050482
1  0.652348 0.322192 0.108174 0.062500
1  0.498502 0.336619 0.103364 0.052885
1  0.476867 0.377481 0.108174 0.057693
1  0.629512 0.414743 0.110577 0.060096
1  0.472060 0.430366 0.098560 0.043271
1  0.623503 0.462821 0.117791 0.064904
1  0.605474 0.508490 0.105767 0.050482
1  0.456435 0.472435 0.105771 0.055289
1  0.449225 0.520511 0.110577 0.045670
1  0.442012 0.568586 0.105770 0.060096
1  0.595858 0.602243 0.125001 0.064904

