10  0.499188 0.567586 0.115384 0.064902
9  0.912650 0.493067 0.173076 0.161056
9  0.871785 0.449797 0.177884 0.161059
9  0.817697 0.411335 0.185097 0.137020
9  0.767217 0.312778 0.137020 0.117788
9  0.722746 0.276721 0.177886 0.151444
9  0.663851 0.210615 0.180288 0.158654
10  0.050871 0.039941 0.088942 0.052883
10  0.012409 0.268308 0.112982 0.072115
9  0.602553 0.947394 0.134615 0.084134
10  0.577313 0.850038 0.117788 0.067309
9  0.536448 0.698596 0.112980 0.062498
9  0.526832 0.609654 0.117788 0.057692
9  0.530438 0.657730 0.115384 0.057692
9  0.567698 0.746672 0.108173 0.067307
9  0.568900 0.798356 0.134615 0.069711
10  0.421064 0.228642 0.093750 0.060096
10  0.491977 0.512298 0.115384 0.064905
10  0.445102 0.339221 0.103365 0.069711

