10  0.472827 0.518025 0.108175 0.110575
10  0.885085 0.450716 0.086535 0.086538
10  0.815372 0.522829 0.091344 0.096152
10  0.496865 0.473552 0.088943 0.088941
10  0.335804 0.649031 0.088943 0.088941
10  0.406719 0.580522 0.096154 0.091348
10  0.071381 0.924274 0.108174 0.110575
10  0.273308 0.722350 0.098555 0.096152
10  0.505280 0.816098 0.096154 0.100962
10  0.478834 0.858166 0.091344 0.098559
10  0.443979 0.885812 0.088943 0.086539
10  0.413930 0.924271 0.081731 0.086539
10  0.377874 0.960332 0.091350 0.096153
10  0.338209 0.990379 0.093752 0.098554
10  0.982443 0.009611 0.103365 0.112983
10  0.436768 0.546869 0.084139 0.081734
10  0.367057 0.612976 0.084139 0.079327
10  0.299748 0.682687 0.088943 0.088941
10  0.242058 0.760810 0.103365 0.105771
10  0.205999 0.794466 0.108175 0.105771
10  0.006480 0.999995 0.098556 0.103364
10  0.038931 0.968744 0.100963 0.103369
10  0.538932 0.776437 0.091344 0.098559
10  0.580998 0.745186 0.093746 0.093750
10  0.609843 0.710332 0.088943 0.086538
10  0.579797 0.408648 0.100963 0.098560
10  0.845424 0.477158 0.088942 0.091348
10  0.909124 0.407447 0.091344 0.091343
10  0.945183 0.371389 0.081731 0.086539
10  0.988451 0.346149 0.091350 0.088946
10  0.778115 0.210333 0.098561 0.100962
10  0.818981 0.179080 0.093746 0.100962
10  0.917536 0.072110 0.079323 0.079327
10  0.945180 0.034849 0.086541 0.086538
10  0.554558 0.455523 0.084133 0.091348
10  0.686768 0.313697 0.108174 0.110580
10  0.879075 0.103361 0.098555 0.098559
10  0.840614 0.132207 0.079323 0.084136

