0  0.091096 0.777230 0.096158 0.086544
0  0.149987 0.846945 0.103366 0.091346
0  0.212492 0.777230 0.103366 0.086544
0  0.276194 0.848146 0.105762 0.093748
0  0.338694 0.779636 0.105772 0.086534
0  0.399996 0.852953 0.103365 0.088936
0  0.464896 0.784443 0.103366 0.091346
0  0.523792 0.855354 0.105772 0.098560
0  0.587490 0.784443 0.098554 0.086544
0  0.646385 0.854159 0.100960 0.091347
0  0.711291 0.788045 0.096158 0.088945
0  0.768979 0.855355 0.105772 0.084133
0  0.837493 0.788045 0.108167 0.088945
0  0.603113 0.539249 0.110574 0.096149
0  0.539411 0.468337 0.103366 0.088936
0  0.478119 0.538048 0.105772 0.098551
0  0.412010 0.467132 0.108168 0.091347
0  0.351917 0.534446 0.108178 0.091347
0  0.290615 0.467132 0.105772 0.091347
0  0.226913 0.534441 0.108168 0.086534
0  0.163210 0.465931 0.105772 0.093748
0  0.099512 0.533240 0.108178 0.088936
0  0.037008 0.464730 0.103366 0.091346
0  0.026191 0.844539 0.100960 0.086534

