9  0.423945 0.842566 0.088943 0.127405
9  0.153513 0.985595 0.211538 0.100962
10  0.621061 0.780067 0.103365 0.069711
10  0.748465 0.828144 0.108173 0.074519
10  0.724427 0.945932 0.098558 0.074521
10  0.542936 0.954345 0.129808 0.072116
9  0.464811 0.869009 0.079327 0.108173
10  0.450387 0.968769 0.055289 0.096154
10  0.631878 0.974778 0.081730 0.036057
10  0.499666 0.730788 0.105770 0.076924
10  0.947983 0.719970 0.103366 0.069711
10  0.851830 0.677904 0.093751 0.067308
10  0.753273 0.637037 0.093749 0.067308
10  0.651109 0.599778 0.100961 0.069711
10  0.274907 0.438720 0.093751 0.069711
9  0.166734 0.852182 0.185095 0.108173

