10  0.442158 0.994512 0.048076 0.086539
10  0.388072 0.983695 0.045672 0.093751
10  0.342400 0.977685 0.050480 0.096154
10  0.237832 0.993310 0.048079 0.088943
10  0.651294 0.623118 0.043269 0.093751
10  0.451774 0.751724 0.048076 0.096153
10  0.397688 0.732493 0.040865 0.096153
10  0.353216 0.726484 0.043271 0.093749
10  0.303937 0.727686 0.045672 0.105768
10  0.253456 0.736099 0.040865 0.103364
10  0.749850 0.615907 0.038461 0.093751
10  0.698168 0.629128 0.040865 0.096154
10  0.600812 0.642349 0.043271 0.088943
10  0.598408 0.736099 0.043271 0.088941
10  0.555139 0.637541 0.043268 0.093751
10  0.505860 0.631532 0.040865 0.100962
10  0.452976 0.623118 0.050480 0.108173
10  0.406101 0.613503 0.043269 0.093751
10  0.356822 0.611099 0.045675 0.098558
10  0.312350 0.625522 0.038461 0.093751
10  0.263072 0.612301 0.045672 0.100962
10  0.501052 0.743310 0.045672 0.088941
10  0.646486 0.727686 0.048076 0.091345
10  0.938552 0.762542 0.045672 0.103366
10  0.981821 0.758935 0.060096 0.096153
10  0.891678 0.744512 0.043269 0.096153
10  0.696966 0.742108 0.043269 0.096153
10  0.991437 0.643551 0.045672 0.091347
10  0.934946 0.637541 0.043268 0.098558
10  0.844804 0.755329 0.040865 0.103364
10  0.849610 0.609897 0.045675 0.081730
10  0.797928 0.732493 0.043271 0.091345
10  0.797928 0.615907 0.043271 0.093751
10  0.748648 0.736099 0.045672 0.093749
10  0.491437 0.994512 0.045672 0.086539
10  0.544322 0.989704 0.045675 0.105770
10  0.739034 0.995714 0.045675 0.088943
10  0.593601 0.994512 0.048076 0.100962
10  0.077976 0.462060 0.098559 0.040865

