1  0.499835 0.479480 0.108175 0.257211
1  0.408489 0.498708 0.093753 0.228364
1  0.301519 0.507122 0.096155 0.221150
1  0.526277 0.752312 0.093753 0.221149
1  0.439738 0.796786 0.108171 0.252405
1  0.339979 0.795582 0.086542 0.221162
1  0.245027 0.797985 0.103362 0.211537
1  0.200555 0.533565 0.125000 0.259607
1  0.111615 0.547989 0.110578 0.269231
1  0.148873 0.818425 0.088944 0.223559
1  0.053921 0.832848 0.096155 0.218752
1  0.015459 0.555197 0.115382 0.254814
7  0.038298 0.676594 0.963943 0.617787

