7  0.312424 0.057214 0.108171 0.067309
7  0.480694 0.867311 0.103362 0.057691
7  0.475888 0.028369 0.064904 0.062501
7  0.335260 0.191829 0.105772 0.067309
7  0.499926 0.164186 0.074517 0.060098
7  0.362905 0.336061 0.093754 0.057691
7  0.533580 0.284378 0.084135 0.060098
7  0.394157 0.465868 0.093749 0.062498
7  0.561223 0.432215 0.091349 0.062498
7  0.435020 0.606493 0.098558 0.064905
7  0.593674 0.568031 0.079326 0.064902
7  0.457858 0.743512 0.096153 0.060098
7  0.651367 0.845676 0.093749 0.067309
7  0.689830 0.976686 0.093749 0.060094

