9  0.187632 0.083292 0.088942 0.086538
9  0.180420 0.122956 0.079327 0.079326
9  0.185227 0.179447 0.079327 0.081730
9  0.180420 0.219110 0.084135 0.088940
9  0.176815 0.265985 0.086538 0.086538
9  0.169602 0.304447 0.086538 0.086538
9  0.181622 0.363340 0.086538 0.088943
9  0.167199 0.401802 0.076923 0.079326
9  0.172007 0.460696 0.076923 0.076924
9  0.054218 0.458293 0.086540 0.086538
9  0.073449 0.030407 0.091346 0.086538
9  0.069843 0.082091 0.088942 0.084136
9  0.074651 0.120553 0.079327 0.074520
9  0.067440 0.167427 0.074519 0.076924
9  0.075853 0.202283 0.076923 0.074520
9  0.060228 0.268389 0.084134 0.086538
9  0.054218 0.316466 0.091345 0.081730
9  0.053017 0.366946 0.088942 0.086538
9  0.053017 0.410217 0.088942 0.086538
9  0.161189 0.506370 0.084134 0.086538
10  0.059026 0.503965 0.081730 0.081730
9  0.621526 0.021994 0.076924 0.074518
9  0.621526 0.065264 0.076924 0.074520
9  0.623929 0.108533 0.076923 0.074518
9  0.635949 0.143389 0.076923 0.072114
9  0.621526 0.204687 0.076924 0.074520
9  0.615516 0.251561 0.074519 0.072116
9  0.609507 0.305648 0.076923 0.069712
9  0.617920 0.344110 0.079327 0.069712
9  0.610709 0.394591 0.079327 0.074520
9  0.615516 0.434254 0.079327 0.076922
9  0.609507 0.487138 0.081731 0.076922
9  0.607103 0.532812 0.076923 0.072116
9  0.609507 0.578484 0.067308 0.062499
9  0.592680 0.638581 0.076923 0.076924
10  0.595084 0.737138 0.052884 0.024037
10  0.613113 0.708292 0.064903 0.024039
10  0.615516 0.677042 0.060097 0.038460
10  0.373930 0.653004 0.057692 0.033654
9  0.430420 0.596513 0.074520 0.074520
9  0.329459 0.609735 0.093751 0.086538
9  0.354699 0.040023 0.086538 0.086538
9  0.352295 0.088100 0.086538 0.086538
9  0.359507 0.127763 0.076923 0.074520
9  0.354699 0.177042 0.076923 0.072114
9  0.345084 0.229927 0.091346 0.086538
9  0.343882 0.280408 0.088942 0.081730
9  0.343882 0.324879 0.088942 0.084136
9  0.337872 0.371755 0.091346 0.081730
9  0.337872 0.416225 0.091346 0.084134
9  0.342679 0.458292 0.076923 0.072116
9  0.340276 0.511178 0.091346 0.081730
9  0.437632 0.506369 0.074519 0.076922
9  0.456862 0.040023 0.084135 0.086538
9  0.465276 0.095312 0.086538 0.091347
9  0.459266 0.138580 0.084135 0.086538
9  0.455660 0.185456 0.081731 0.088941
9  0.452055 0.229927 0.084134 0.086538
9  0.453257 0.279206 0.081730 0.084134
9  0.448449 0.327282 0.086540 0.088943
9  0.449651 0.376561 0.084135 0.086539
9  0.446046 0.417427 0.086538 0.086538
9  0.442439 0.466705 0.084134 0.088943

