1  0.576441 0.522382 0.067304 0.079329
1  0.556005 0.544016 0.069706 0.064906
1  0.534373 0.571661 0.122598 0.086534
1  0.524755 0.629350 0.103363 0.086534
1  0.495912 0.656995 0.122598 0.103365
1  0.474280 0.688250 0.112981 0.093750
1  0.461054 0.721902 0.125000 0.093751
1  0.439421 0.753150 0.115382 0.079328
1  0.399760 0.824068 0.088941 0.048075
1  0.426196 0.866131 0.098559 0.064893
1  0.479083 0.881757 0.088941 0.091353
1  0.511534 0.904589 0.072118 0.088942
1  0.549995 0.914210 0.076921 0.093750
1  0.571632 0.935843 0.076922 0.088943
1  0.612495 0.940651 0.076922 0.098559
1  0.637735 0.965893 0.079324 0.096147
1  0.662976 0.980316 0.067314 0.086533
1  0.688216 0.992334 0.069716 0.086547
1  0.642544 0.779591 0.117784 0.084136
1  0.661775 0.747144 0.127403 0.105775
1  0.674995 0.712281 0.091353 0.050484
1  0.697834 0.599301 0.103363 0.060099
1  0.965859 0.339695 0.100962 0.103365
1  0.989903 0.297620 0.086538 0.086546
1  0.819231 0.096896 0.100962 0.060099
1  0.834849 0.065654 0.084138 0.069713
1  0.849275 0.022382 0.108167 0.084136

