1  0.905413 0.458062 0.079323 0.043266
1  0.895798 0.407582 0.093750 0.057695
1  0.888584 0.355896 0.098571 0.060094
1  0.875359 0.306616 0.072119 0.038467
1  0.868153 0.250126 0.076922 0.045676
1  0.859739 0.210464 0.088947 0.043266
1  0.856128 0.159979 0.110579 0.043266
1  0.838099 0.051809 0.079323 0.038466
1  0.922234 0.002528 0.045681 0.084132
1  0.965506 0.014552 0.045666 0.098561
1  0.949878 0.549403 0.048068 0.091341
1  0.988347 0.568637 0.062495 0.081733
1  0.646995 0.979694 0.043265 0.096161
1  0.576086 0.980894 0.093751 0.122599
1  0.137380 0.831858 0.120186 0.050485
1  0.142184 0.876323 0.144237 0.052885
1  0.127765 0.935223 0.125006 0.050475
1  0.130167 0.979694 0.129810 0.057685
1  0.524399 0.936423 0.072101 0.120189
1  0.418631 0.342677 0.163451 0.072114
1  0.448678 0.448443 0.194722 0.062504
1  0.437862 0.525366 0.182697 0.062504
1  0.487147 0.674407 0.112981 0.062494
1  0.478725 0.797001 0.110579 0.062505
1  0.406606 0.902771 0.033657 0.120199
1  0.469109 0.942432 0.067298 0.132207

