10  0.890901 0.823065 0.074524 0.072116
10  0.789941 0.931244 0.074513 0.076919
10  0.729844 0.990134 0.074513 0.069707
10  0.756285 0.118746 0.069712 0.091342
10  0.681767 0.195665 0.074524 0.072103
10  0.612061 0.266577 0.069712 0.069720
10  0.537537 0.336291 0.088940 0.088947
10  0.471432 0.403596 0.072123 0.074511
10  0.402921 0.476916 0.074524 0.076919
10  0.341623 0.544222 0.076925 0.076931
10  0.274318 0.616337 0.081737 0.091355
10  0.198594 0.692059 0.069712 0.074511
10  0.947392 0.760568 0.081737 0.081723

