2  0.298498 0.729313 0.129808 0.132213
2  0.161478 0.869937 0.129808 0.120192
2  0.303305 0.867534 0.134615 0.115387
2  0.544893 0.387967 0.132214 0.122595
2  0.687923 0.383159 0.120192 0.117789
2  0.823740 0.373544 0.122596 0.127403
2  0.959557 0.373544 0.125000 0.132213
2  0.695134 0.589890 0.120192 0.117787
2  0.824942 0.580274 0.125000 0.122597
2  0.697538 0.720899 0.120192 0.115385
2  0.828547 0.713688 0.117788 0.110577
2  0.699942 0.857919 0.125000 0.120192
2  0.832153 0.851910 0.125000 0.122595
2  0.701144 0.988928 0.122596 0.122595
2  0.834557 0.987727 0.125000 0.124998
2  0.154267 0.730516 0.134615 0.129808

