9  0.037681 0.911407 0.153848 0.064906
9  0.060517 0.984725 0.161057 0.067307
9  0.534074 0.991937 0.112981 0.062501
9  0.514842 0.958282 0.112981 0.062501
9  0.511238 0.916215 0.120190 0.064903
9  0.083354 0.482321 0.072113 0.163464
9  0.121815 0.489532 0.072117 0.153845
9  0.505229 0.358522 0.074518 0.180287
10  0.479988 0.691455 0.096154 0.057695
10  0.589364 0.001551 0.055291 0.038461
10  0.147057 0.204677 0.031250 0.055291
10  0.175903 0.207080 0.026441 0.055287
10  0.205950 0.198667 0.033654 0.062501
10  0.394653 0.594100 0.088945 0.055291
10  0.470372 0.616935 0.091349 0.052883
10  0.376621 0.640976 0.096154 0.057692
10  0.415084 0.667417 0.091345 0.052883
10  0.493208 0.726311 0.093749 0.055287
10  0.506431 0.764773 0.091349 0.060097

