9  0.035557 0.861168 0.156253 0.230770
10  0.694211 0.168858 0.117787 0.076923
10  0.712238 0.221745 0.129807 0.081730
10  0.745894 0.269821 0.096154 0.072116
10  0.781952 0.361166 0.086537 0.062502
10  0.786758 0.415254 0.110575 0.074516
10  0.811999 0.466937 0.098558 0.067309
10  0.833633 0.515013 0.093750 0.067309
10  0.873297 0.607560 0.105770 0.074520
10  0.890124 0.656842 0.105766 0.076923
10  0.935797 0.761406 0.100962 0.069713
10  0.462239 0.213331 0.076924 0.103367
9  0.267528 0.198909 0.192307 0.112981
9  0.322817 0.382801 0.221153 0.129807
9  0.354067 0.463330 0.177886 0.108174
9  0.680988 0.070302 0.120191 0.096152
9  0.945411 0.912851 0.192307 0.117788
9  0.971855 0.981358 0.177886 0.120192

