7  0.285986 0.667276 0.329326 0.771633
7  0.668198 0.666074 0.334132 0.673077
1  0.011948 0.628814 0.074520 0.031250
1  0.007141 0.590354 0.069711 0.031250
1  0.248726 0.822325 0.076922 0.038462
1  0.019160 0.663670 0.074517 0.038462
1  0.029976 0.705739 0.072116 0.036058
1  0.037187 0.740592 0.072116 0.028846
1  0.041997 0.779055 0.067306 0.033654
1  0.237910 0.744200 0.079330 0.040864
1  0.225891 0.666074 0.060095 0.033654
1  0.213871 0.632420 0.079326 0.038462
1  0.205457 0.595161 0.081731 0.036056
1  0.201852 0.556700 0.084133 0.036058
1  0.197044 0.515834 0.079326 0.036058
1  0.177813 0.442516 0.079326 0.038460
1  0.169400 0.404055 0.081731 0.038462
1  0.163391 0.367997 0.079326 0.043270
1  0.076852 0.967758 0.069711 0.036058
1  0.064833 0.893237 0.084136 0.036058
1  0.062429 0.857180 0.079326 0.036056
1  0.051611 0.816315 0.081731 0.040866
1  0.246323 0.783863 0.081728 0.038462
1  0.289592 0.408862 0.105768 0.048076
1  0.979495 0.565113 0.091347 0.048076
1  0.935024 0.351171 0.088942 0.038462
1  0.939832 0.392036 0.103367 0.043268
1  0.957862 0.434103 0.091347 0.045675
1  0.954255 0.477373 0.108173 0.050480
1  0.960266 0.520642 0.096153 0.050483
1  0.990313 0.608382 0.093752 0.052887
1  0.305217 0.453335 0.112979 0.050480
1  0.989112 0.652853 0.100962 0.045672
1  0.790795 0.966556 0.093748 0.043270
1  0.781179 0.919680 0.093748 0.050480
1  0.765555 0.876410 0.096153 0.050480
1  0.758342 0.829536 0.096156 0.043268
1  0.752332 0.786267 0.093748 0.052887
1  0.620120 0.768238 0.108173 0.045672
1  0.641756 0.896845 0.108173 0.052884
1  0.651372 0.946122 0.103364 0.050480
1  0.401370 0.989392 0.084136 0.045675
1  0.383341 0.946122 0.096153 0.050480
1  0.380938 0.900449 0.100959 0.050483
1  0.278775 0.973767 0.079326 0.043268
1  0.273967 0.935306 0.084133 0.043270
1  0.372525 0.857180 0.088942 0.045672
1  0.264352 0.898045 0.088942 0.040866
1  0.361707 0.768238 0.105768 0.045672
1  0.347285 0.724969 0.105768 0.045675
1  0.332862 0.685306 0.086541 0.043268
1  0.331660 0.644440 0.088945 0.043270
1  0.318438 0.595160 0.091347 0.031250
1  0.314833 0.549488 0.103367 0.045675
1  0.307620 0.502613 0.093752 0.033652
1  0.633343 0.853574 0.105768 0.052884
1  0.615314 0.722566 0.108173 0.055288
1  0.745121 0.739392 0.079326 0.040864
1  0.603295 0.681699 0.112979 0.050480
1  0.737909 0.700929 0.093752 0.050480
1  0.729497 0.657661 0.096153 0.045672
1  0.717477 0.610786 0.086541 0.043270
1  0.712669 0.567517 0.091347 0.043268
1  0.709064 0.525449 0.103367 0.050480
1  0.700650 0.482181 0.096153 0.045672
1  0.694640 0.438910 0.093752 0.050480
1  0.677814 0.395642 0.093752 0.050480
1  0.673006 0.358382 0.084136 0.043268
1  0.537188 0.337949 0.086541 0.045675
1  0.549209 0.376411 0.096153 0.050483
1  0.558822 0.418478 0.091347 0.043268
1  0.564833 0.461747 0.098558 0.048079
1  0.572043 0.505017 0.093748 0.043268
1  0.582861 0.551891 0.091343 0.055288
1  0.587669 0.593959 0.096156 0.048076
1  0.598487 0.637228 0.103364 0.043270

