9  0.154680 0.099851 0.197116 0.264421
9  0.319342 0.107064 0.189900 0.245190
9  0.230401 0.098650 0.189900 0.247597
9  0.953958 0.093843 0.185094 0.242788
9  0.872226 0.090235 0.189900 0.245190
9  0.789296 0.091436 0.192310 0.252406
9  0.711169 0.093843 0.189906 0.242788
9  0.635448 0.101054 0.187497 0.252406
9  0.544103 0.089035 0.182690 0.242788
9  0.490016 0.127495 0.189900 0.257210
9  0.385446 0.085429 0.187497 0.249999
9  0.971986 0.833025 0.134618 0.163460
9  0.890254 0.835429 0.129811 0.163465
9  0.932322 0.647930 0.132208 0.153848
9  0.860209 0.641917 0.122595 0.151441
9  0.776074 0.649130 0.127401 0.146632
9  0.695544 0.645525 0.129804 0.149039
9  0.616216 0.641917 0.124998 0.151441
9  0.529677 0.649131 0.129805 0.151446
9  0.453957 0.640716 0.132214 0.158656
9  0.369822 0.652736 0.127407 0.153843
9  0.296505 0.638312 0.134611 0.158652
9  0.205159 0.644322 0.134611 0.156249
9  0.810929 0.831824 0.124998 0.151441
9  0.171507 0.822206 0.129804 0.151441
9  0.006841 0.825814 0.132208 0.158656
9  0.074150 0.848650 0.132214 0.161053
9  0.241219 0.851054 0.134617 0.151441
9  0.326552 0.841439 0.132208 0.156249
9  0.403478 0.835429 0.132208 0.158651
9  0.487613 0.834228 0.127401 0.156249
9  0.571745 0.831824 0.132214 0.151441
9  0.641457 0.837831 0.127401 0.153848
9  0.725592 0.839034 0.127401 0.151441

