10  0.816642 0.997846 0.144231 0.125001
9  0.462076 0.324767 0.170670 0.211539
9  0.672412 0.380058 0.168271 0.225962
9  0.981307 0.798327 0.132214 0.115384
10  0.940442 0.837988 0.108174 0.098556
10  0.734913 0.651692 0.081729 0.100961
9  0.763760 0.470201 0.120192 0.141825
10  0.791403 0.661306 0.088941 0.110578
10  0.888758 0.585586 0.105768 0.122599
10  0.805827 0.514671 0.103365 0.125001
10  0.686835 0.453374 0.081729 0.103366
10  0.542605 0.496643 0.086538 0.098556
10  0.581067 0.524286 0.091347 0.100961
10  0.612316 0.563951 0.105768 0.112979
10  0.618327 0.359624 0.088941 0.093753

