10  0.427605 0.563642 0.086539 0.117789
10  0.431211 0.465085 0.074520 0.093749
10  0.515344 0.132152 0.064904 0.096153
10  0.488903 0.233113 0.064904 0.105769
10  0.461258 0.132152 0.062500 0.096153
10  0.890346 0.304027 0.055288 0.093749
10  0.528566 0.457873 0.076924 0.098557
10  0.546595 0.235517 0.074520 0.105769
10  0.427605 0.773978 0.052884 0.086537
10  0.426403 0.253547 0.074520 0.103365
10  0.410778 0.128546 0.057692 0.084133
10  0.975681 0.186238 0.072116 0.117789
10  0.866307 0.217489 0.060096 0.093752
10  0.933614 0.312441 0.055288 0.086537

