1  0.988114 0.681293 0.204327 0.139424
1  0.325855 0.743792 0.177885 0.139421
1  0.360711 0.889224 0.175481 0.132211
1  0.166000 0.890426 0.137019 0.197116
1  0.409990 0.969754 0.168270 0.129805
1  0.090278 0.670476 0.134616 0.213941
1  0.485710 0.538264 0.194712 0.141827
1  0.437633 0.350764 0.194712 0.146633
7  0.696047 0.132012 1.149039 0.723558
7  0.716480 0.469754 0.983173 0.567309
7  0.685231 0.778647 0.762019 0.425478
1  0.234509 0.475763 0.182691 0.141827
1  0.117923 0.136820 0.209135 0.165865
1  0.032585 0.058695 0.072115 0.115386
1  0.467681 0.040667 0.153846 0.127405
1  0.312634 0.139225 0.170674 0.132212
1  0.141960 0.243792 0.175481 0.139424
1  0.426817 0.237781 0.211537 0.165865
1  0.196047 0.377207 0.211539 0.151443
1  0.985710 0.576724 0.117789 0.103364
1  0.786191 0.787062 0.228366 0.153846
1  0.776576 0.671677 0.180287 0.115386
1  0.694845 0.736581 0.050479 0.028847
1  0.509750 0.639225 0.189904 0.137021
1  0.692442 0.533456 0.141827 0.103367
1  0.690038 0.421678 0.204327 0.153846
1  0.915999 0.421676 0.194712 0.139424
1  0.894365 0.307495 0.175481 0.137021
1  0.607105 0.135620 0.163460 0.134614
1  0.823451 0.118792 0.197116 0.149040
1  0.793403 0.020234 0.189904 0.153846

