7  0.442267 0.468340 0.908654 1.411061
7  0.776401 0.652237 0.759616 1.302885
1  0.487939 0.544061 0.105770 0.076919
1  0.521593 0.449109 0.100962 0.074523
1  0.401400 0.391416 0.134617 0.103367
1  0.436256 0.349351 0.122599 0.096150
1  0.548035 0.402235 0.086537 0.067306
1  0.570873 0.364976 0.088940 0.069714
1  0.465101 0.300072 0.117787 0.088939
1  0.486737 0.259205 0.088945 0.069708
1  0.600920 0.326514 0.105770 0.084135
1  0.621354 0.283246 0.117788 0.088945
1  0.633372 0.242379 0.098559 0.074517
1  0.661017 0.207525 0.115384 0.086537
1  0.533611 0.161849 0.115384 0.091346
1  0.580487 0.056080 0.137020 0.100965
1  0.604527 0.004397 0.137020 0.103367
1  0.736738 0.053676 0.093752 0.072115
1  0.502361 0.492380 0.100962 0.079326
1  0.371353 0.439493 0.112980 0.084135
1  0.358130 0.485167 0.115384 0.093754
1  0.246351 0.992378 0.108173 0.079326
1  0.097313 0.967140 0.127402 0.100959
1  0.157411 0.875794 0.117788 0.086537
1  0.306449 0.869783 0.122595 0.088938
1  0.170632 0.816896 0.134617 0.103367
1  0.217506 0.779638 0.098555 0.076918
1  0.233131 0.735165 0.105770 0.084135
1  0.346112 0.783243 0.105770 0.079326
1  0.373757 0.739975 0.108173 0.079332
1  0.269189 0.684686 0.091348 0.069708
1  0.271595 0.620985 0.144231 0.110578
1  0.418227 0.660648 0.120191 0.093754
1  0.397795 0.699108 0.098555 0.079326
1  0.427844 0.614972 0.086537 0.064904
1  0.463899 0.584928 0.105770 0.081728
1  0.330489 0.541656 0.108173 0.081728

