1  0.993277 0.680435 0.055288 0.117790
1  0.935585 0.678032 0.050478 0.122596
1  0.827411 0.697264 0.050478 0.117789
1  0.867076 0.592696 0.100963 0.043271
1  0.769718 0.710483 0.050485 0.110576
1  0.715631 0.712888 0.052886 0.115386
1  0.722846 0.609521 0.100963 0.048077
1  0.719237 0.550628 0.079323 0.040864
1  0.832217 0.554233 0.064907 0.033655
1  0.829816 0.514570 0.093752 0.040864
1  0.386303 0.585484 0.062499 0.168266
1  0.659143 0.712888 0.050485 0.105767
1  0.608658 0.728512 0.055288 0.122596
1  0.543758 0.738128 0.040865 0.079325
1  0.496882 0.744138 0.052886 0.115383
1  0.443996 0.754955 0.052886 0.112980
1  0.389912 0.759763 0.045675 0.122596
1  0.325008 0.765773 0.040865 0.091344
1  0.269717 0.596302 0.064900 0.156250
1  0.713230 0.509764 0.081731 0.040864
1  0.280537 0.775387 0.033654 0.076922
1  0.219239 0.786205 0.045675 0.112983
1  0.204817 0.601110 0.074520 0.194711
1  0.101449 0.628753 0.060091 0.124999
1  0.107460 0.793416 0.052886 0.132212
1  0.043757 0.644379 0.060098 0.151444
1  0.446404 0.574668 0.067309 0.170672
1  0.507702 0.568657 0.055288 0.144231
1  0.702410 0.455676 0.108174 0.057693
1  0.698804 0.410004 0.100963 0.043271
1  0.812989 0.434042 0.069717 0.033651
1  0.820200 0.389571 0.074520 0.040864
1  0.815394 0.353514 0.093752 0.036058
1  0.804577 0.311445 0.062499 0.033655
1  0.797362 0.270581 0.076928 0.038461
1  0.793757 0.233320 0.093745 0.045674
1  0.775729 0.110724 0.086533 0.040868
1  0.774528 0.067455 0.093752 0.036058
1  0.788947 0.196062 0.088942 0.033655
1  0.782940 0.151590 0.076928 0.031251
1  0.665150 0.152793 0.105766 0.048077
1  0.665153 0.203273 0.096153 0.048077
1  0.678375 0.250149 0.093752 0.045674
1  0.679572 0.305435 0.100963 0.045674
1  0.692797 0.354714 0.098554 0.048077
7  0.743279 0.322264 0.290868 0.579327

