9  0.566499 0.364602 0.180289 0.132214
10  0.761209 0.037677 0.064905 0.088943
10  0.717942 0.017245 0.069711 0.086539
9  0.721546 0.136235 0.177886 0.108173
9  0.683085 0.203542 0.182692 0.127404
9  0.639815 0.257631 0.177883 0.134617
9  0.604960 0.316526 0.175483 0.122597
9  0.532845 0.425901 0.180286 0.134614
10  0.854960 0.086959 0.074517 0.110576
9  0.488374 0.475179 0.177886 0.132214
9  0.430680 0.592967 0.192308 0.137017
9  0.401836 0.654264 0.182692 0.129807
9  0.375393 0.717968 0.197117 0.137017
9  0.339334 0.773256 0.182692 0.122597
9  0.311691 0.836958 0.189904 0.134618
9  0.258807 0.886238 0.185095 0.141828
10  0.805682 0.067727 0.072114 0.091346
9  0.221547 0.936717 0.177886 0.132210
9  0.187893 0.998014 0.177883 0.125000
9  0.010007 0.280468 0.173077 0.127404
9  0.119384 0.036476 0.175480 0.120194
9  0.110970 0.113400 0.173077 0.124997
9  0.061690 0.167486 0.180289 0.117787
9  0.026834 0.219168 0.173077 0.125000

