1  0.893612 0.009594 0.086537 0.048078
1  0.939286 0.156226 0.081732 0.048078
1  0.963324 0.231948 0.086537 0.050480
1  0.165249 0.007189 0.100959 0.057692
1  0.016211 0.072093 0.173080 0.086538
1  0.043853 0.134592 0.161055 0.091346
1  0.189288 0.093727 0.096154 0.057692
1  0.215729 0.186275 0.096154 0.055289
1  0.207316 0.139400 0.098562 0.057695
1  0.231355 0.235554 0.088940 0.052886
1  0.059479 0.204305 0.187502 0.086538
1  0.629192 0.097333 0.091348 0.055286
1  0.090728 0.269208 0.153847 0.081732
1  0.180872 0.323294 0.237981 0.132212
1  0.658036 0.370169 0.211540 0.115384
1  0.578707 0.328103 0.120192 0.064903
1  0.549864 0.237958 0.100959 0.057695
1  0.528231 0.194689 0.110575 0.067306
1  0.518614 0.146612 0.100965 0.062500
1  0.618375 0.045651 0.098556 0.062500
1  0.492170 0.049257 0.100959 0.055289
1  0.512602 0.099736 0.084134 0.050480
1  0.471739 0.009594 0.108173 0.062500

