10  0.305617 0.368947 0.064904 0.091345
10  0.422204 0.014379 0.086538 0.084135
10  0.699846 0.014379 0.098557 0.040866
10  0.613308 0.228322 0.074520 0.093748
10  0.562827 0.235535 0.064904 0.088942
10  0.524367 0.263179 0.064904 0.081729
10  0.483500 0.290823 0.079328 0.108173
10  0.374125 0.040823 0.086538 0.084135
10  0.336866 0.072072 0.079325 0.079326
10  0.273164 0.081688 0.091346 0.084133
10  0.156578 0.092505 0.108175 0.100961
10  0.100086 0.352121 0.105770 0.100961
10  0.066434 0.308851 0.086538 0.086536
10  0.357299 0.356927 0.067307 0.096154

