7  0.518913 0.543794 0.271636 1.430291
7  0.151128 0.528169 0.242788 1.437503
1  0.988866 0.006536 0.072112 0.033655
1  0.990069 0.046195 0.079329 0.031250
1  0.218435 0.703651 0.108172 0.043268
1  0.099445 0.428411 0.100960 0.036056
1  0.219636 0.248120 0.086536 0.036056
1  0.104251 0.293794 0.105772 0.040868
1  0.219636 0.294997 0.091347 0.038462
1  0.098240 0.335860 0.108172 0.038462
1  0.101846 0.382737 0.100960 0.040868
1  0.228048 0.338266 0.108172 0.038462
1  0.224442 0.383940 0.100960 0.038462
1  0.225645 0.429611 0.103366 0.033655
1  0.222039 0.475283 0.100965 0.038462
1  0.095836 0.516151 0.103366 0.038462
1  0.095836 0.560622 0.103366 0.040868
1  0.217230 0.569034 0.100960 0.033655
1  0.099442 0.608696 0.096154 0.040868
1  0.094636 0.656774 0.091342 0.040862
1  0.222039 0.612303 0.105767 0.043268
1  0.111461 0.248120 0.096154 0.036056
1  0.231657 0.206055 0.096154 0.038462
1  0.116270 0.157975 0.081734 0.038462
1  0.224445 0.155572 0.081730 0.033655
1  0.223242 0.034177 0.079324 0.031250
1  0.226846 0.072641 0.081729 0.036056
1  0.111461 0.200043 0.096154 0.045674
1  0.222039 0.655573 0.110578 0.038462
1  0.093433 0.740910 0.098559 0.040862
1  0.999684 0.133938 0.122596 0.038462
1  0.841032 0.933219 0.108172 0.045674
1  0.844635 0.883936 0.105767 0.043268
1  0.848241 0.835862 0.103366 0.043268
1  0.848241 0.778171 0.103366 0.038462
1  0.843435 0.733698 0.117790 0.040862
1  0.881896 0.115910 0.088942 0.031255
1  0.874682 0.151966 0.084135 0.036056
1  0.860262 0.239705 0.108172 0.038462
1  0.857857 0.285379 0.112984 0.038462
1  0.856654 0.335862 0.110578 0.043268
1  0.862663 0.436821 0.093748 0.038462
1  0.847038 0.583456 0.115384 0.038462
1  0.850644 0.632736 0.108172 0.040862
1  0.850645 0.682014 0.112984 0.043268
1  0.216030 0.745719 0.103361 0.036056
1  0.991269 0.703651 0.110578 0.043268
1  0.981656 0.970478 0.120191 0.043268
1  0.985260 0.915188 0.122597 0.048075
1  0.992472 0.864708 0.127408 0.048075
1  0.986460 0.808218 0.115385 0.040868
1  0.980453 0.758938 0.108172 0.048080
1  0.992472 0.549806 0.112984 0.038462
1  0.991272 0.442833 0.115384 0.045674
1  0.998484 0.393555 0.115385 0.043268
1  0.997281 0.343072 0.112979 0.038462
1  0.579011 0.962063 0.108177 0.045674
1  0.575405 0.911582 0.105767 0.040862
1  0.574204 0.861102 0.103366 0.040862
1  0.092233 0.790190 0.105772 0.038462
1  0.206414 0.790190 0.093753 0.038462
1  0.083820 0.835859 0.108172 0.038462
1  0.085021 0.880333 0.100960 0.040862
1  0.206414 0.883936 0.093753 0.043268
1  0.086223 0.928407 0.103366 0.045674
1  0.208820 0.932016 0.088942 0.033655
1  0.210021 0.978891 0.100965 0.036056
1  0.586223 0.043792 0.079329 0.036056
1  0.586220 0.124322 0.084135 0.033655
1  0.586223 0.209658 0.088942 0.036056
1  0.593433 0.309419 0.108172 0.033655
1  0.589829 0.357494 0.105767 0.043268
1  0.595838 0.406774 0.117785 0.036056
1  0.592232 0.454852 0.105772 0.036061
1  0.588626 0.507735 0.108172 0.040868
1  0.587423 0.605093 0.110578 0.038462
1  0.585020 0.654371 0.110573 0.045669
1  0.585020 0.709660 0.105772 0.040862
1  0.583817 0.752928 0.112979 0.040862
1  0.580214 0.810621 0.115385 0.040862
1  0.445598 0.938026 0.105772 0.045674
1  0.450405 0.889948 0.096159 0.040868
1  0.450405 0.846677 0.086536 0.031250
1  0.451608 0.798603 0.103366 0.040862
1  0.450405 0.755332 0.081734 0.036056
1  0.456414 0.661583 0.098554 0.040868
1  0.457617 0.571440 0.100960 0.043268
1  0.455211 0.526969 0.105772 0.045674
1  0.456414 0.481295 0.098554 0.036061
1  0.458820 0.439227 0.103366 0.038462
1  0.463626 0.346678 0.098554 0.036061
1  0.468435 0.257736 0.098559 0.036061
1  0.467232 0.212064 0.100965 0.040868
1  0.475645 0.163987 0.088942 0.031250
1  0.474444 0.123122 0.086541 0.036056
1  0.478048 0.082254 0.093748 0.036056

