9  0.377554 0.525132 0.052883 0.120192
9  0.319861 0.550372 0.052888 0.108176
9  0.236928 0.609269 0.122594 0.072115
9  0.164814 0.706621 0.122598 0.103363
9  0.033802 0.813593 0.124999 0.110579
10  0.002553 0.481864 0.081730 0.096154
10  0.051832 0.447005 0.079325 0.093750
10  0.126352 0.373689 0.088944 0.096154
10  0.215293 0.306380 0.079325 0.096154
10  0.307844 0.243884 0.076923 0.100960
10  0.506158 0.090037 0.098558 0.110579
10  0.595101 0.029941 0.084132 0.096154
10  0.000147 0.011911 0.072116 0.088944
10  0.940051 0.106860 0.115385 0.072115
10  0.855920 0.172970 0.105771 0.103363
10  0.760966 0.229461 0.050482 0.120192
10  0.700870 0.289554 0.040868 0.110579
10  0.637167 0.334026 0.043269 0.108176
10  0.560244 0.402537 0.043269 0.110579
10  0.494140 0.448207 0.040868 0.105767
10  0.435244 0.487873 0.043269 0.112976

