10  0.723844 0.791563 0.098554 0.060098
10  0.699806 0.693005 0.103365 0.060098
10  0.693797 0.647333 0.110577 0.064905
10  0.663748 0.553582 0.112985 0.079325
10  0.646922 0.504303 0.127405 0.081731
10  0.640911 0.449014 0.110577 0.067306
10  0.638508 0.386514 0.110577 0.067308
10  0.619276 0.336034 0.115387 0.062499
10  0.405334 0.856466 0.091342 0.060095
10  0.417354 0.912957 0.096152 0.062499
10  0.422162 0.964640 0.100962 0.060096
10  0.311585 0.992284 0.105767 0.062499
10  0.313990 0.930986 0.110577 0.060098
10  0.305573 0.874495 0.103365 0.052885
10  0.368075 0.690602 0.103365 0.074518
10  0.381296 0.742284 0.096152 0.057692
10  0.399323 0.795169 0.098559 0.057692
10  0.299565 0.818005 0.105772 0.064905
10  0.276728 0.768725 0.112984 0.072115
10  0.268314 0.715841 0.105767 0.062499
10  0.704613 0.745889 0.098555 0.060095
10  0.732258 0.843245 0.105772 0.062499
10  0.957016 0.844448 0.108174 0.074519
10  0.743074 0.893726 0.117785 0.072115
10  0.983459 0.946611 0.103369 0.067308
10  0.984662 0.999496 0.100962 0.067308
10  0.758701 0.995891 0.110577 0.069712
10  0.747882 0.947812 0.112985 0.069712
10  0.344037 0.565601 0.098554 0.060098
10  0.364468 0.631707 0.110577 0.062499
10  0.262305 0.655746 0.093749 0.062499
10  0.228652 0.602861 0.137020 0.067306
10  0.226247 0.545169 0.103369 0.057692
10  0.329611 0.519928 0.108175 0.060095
10  0.315189 0.467043 0.103365 0.060095
10  0.304372 0.409351 0.115387 0.060095
10  0.297162 0.346850 0.115382 0.069712
10  0.213028 0.488677 0.110577 0.069712
10  0.965430 0.899737 0.105772 0.069712
10  0.938987 0.797571 0.110577 0.072115
10  0.934179 0.744689 0.100962 0.072115
10  0.853651 0.352860 0.117785 0.062499
10  0.857258 0.403341 0.120192 0.067308
10  0.869278 0.453823 0.110577 0.067308
10  0.880092 0.499496 0.103365 0.057692
10  0.890911 0.547572 0.110577 0.067306
10  0.900526 0.600457 0.110577 0.062499
10  0.912546 0.647331 0.105767 0.060095
10  0.922161 0.694207 0.105767 0.062501

