7  0.724559 0.710550 0.281251 1.795679
7  0.360376 0.692526 0.312494 1.793273
1  0.062298 0.025454 0.129811 0.055286
1  0.061096 0.078338 0.127406 0.045671
1  0.313501 0.402860 0.103365 0.045672
1  0.436096 0.593966 0.108176 0.038454
1  0.437299 0.549492 0.105770 0.036058
1  0.311096 0.542280 0.103365 0.045672
1  0.443309 0.502618 0.112980 0.038464
1  0.301481 0.491802 0.079324 0.040869
1  0.308694 0.450937 0.112980 0.040860
1  0.437299 0.455744 0.105770 0.040869
1  0.438502 0.404062 0.098554 0.038454
1  0.299079 0.637236 0.098561 0.043275
1  0.445714 0.360792 0.112980 0.038463
1  0.313501 0.357188 0.098554 0.040860
1  0.317109 0.305507 0.105770 0.038463
1  0.440907 0.311512 0.098554 0.036058
1  0.452924 0.268246 0.108169 0.040869
1  0.320714 0.264638 0.098561 0.038463
1  0.318309 0.214155 0.112980 0.038464
1  0.312299 0.587956 0.100960 0.045681
1  0.438502 0.643241 0.103365 0.036058
1  0.299076 0.868004 0.103365 0.038454
1  0.296677 0.961757 0.103365 0.038464
1  0.415664 0.968965 0.105770 0.043275
1  0.427684 0.924497 0.091351 0.036058
1  0.290664 0.914878 0.105770 0.040860
1  0.419268 0.876419 0.093750 0.040869
1  0.301481 0.681705 0.108176 0.040869
1  0.294272 0.827139 0.088946 0.033652
1  0.420471 0.828342 0.096156 0.040869
1  0.428887 0.780265 0.098554 0.036058
1  0.305089 0.771850 0.100960 0.033661
1  0.431289 0.735792 0.098561 0.038454
1  0.299079 0.730985 0.108169 0.038464
1  0.425279 0.685313 0.100960 0.033653
1  0.451721 0.220169 0.115385 0.040869
1  0.450518 0.174493 0.112980 0.040860
1  0.321914 0.170889 0.105770 0.038463
1  0.694512 0.149256 0.091345 0.038463
1  0.698120 0.018246 0.093750 0.040869
1  0.809897 0.069928 0.096156 0.033661
1  0.696917 0.063918 0.096155 0.040869
1  0.807492 0.111995 0.096155 0.036058
1  0.806289 0.155261 0.093750 0.036058
1  0.800279 0.197328 0.100960 0.043266
1  0.330326 0.121609 0.103365 0.040869
1  0.689701 0.193725 0.091345 0.040869
1  0.801482 0.239396 0.098554 0.036058
1  0.802685 0.281468 0.081730 0.033653
1  0.689701 0.236990 0.096156 0.036058
1  0.687299 0.277860 0.096149 0.036058
1  0.683695 0.317526 0.093750 0.038463
1  0.684894 0.359589 0.100960 0.040869
1  0.814701 0.021851 0.096155 0.038454
1  0.448116 0.125217 0.098554 0.038463
1  0.325522 0.074735 0.098554 0.043275
1  0.456529 0.080744 0.100960 0.040860
1  0.461336 0.027860 0.110575 0.040869
1  0.327924 0.023053 0.098561 0.040860
1  0.799080 0.406463 0.093750 0.033652
1  0.052683 0.226179 0.129811 0.043266
1  0.050278 0.128821 0.125000 0.040860
1  0.049079 0.179300 0.112980 0.040869
1  0.050281 0.275454 0.115385 0.040869
1  0.040666 0.325937 0.115385 0.045681
1  0.047879 0.376415 0.125000 0.050483
1  0.040666 0.429304 0.115385 0.045671
1  0.040663 0.477376 0.105770 0.040869
1  0.035859 0.526661 0.120189 0.048077
1  0.029849 0.724975 0.112980 0.045671
1  0.032254 0.775453 0.093750 0.036058
1  0.028643 0.823531 0.125000 0.040869
1  0.027443 0.874013 0.127399 0.036058
1  0.021437 0.923293 0.115385 0.038464
1  0.796674 0.365599 0.088940 0.043266
1  0.684897 0.400454 0.091345 0.040860
1  0.801485 0.448536 0.093750 0.036058
1  0.668069 0.866806 0.086541 0.036058
1  0.660857 0.910071 0.100966 0.040869
1  0.776242 0.960555 0.091345 0.040869
1  0.777445 0.917279 0.093750 0.036058
1  0.664461 0.825936 0.084135 0.036058
1  0.776242 0.872811 0.091345 0.038463
1  0.675282 0.609589 0.096155 0.036058
1  0.684894 0.443724 0.086541 0.036058
1  0.676485 0.486990 0.093750 0.036058
1  0.795472 0.491802 0.091345 0.036058
1  0.790668 0.533869 0.091345 0.038454
1  0.676482 0.527860 0.098554 0.036058
1  0.790664 0.577140 0.086541 0.038464
1  0.676482 0.571125 0.084135 0.036058
1  0.790668 0.620405 0.091345 0.038464
1  0.664465 0.782671 0.093750 0.036058
1  0.793070 0.662477 0.100960 0.036058
1  0.669272 0.655260 0.088946 0.036058
1  0.787059 0.703337 0.093750 0.036058
1  0.788262 0.743004 0.091345 0.033652
1  0.664461 0.740598 0.108176 0.038464
1  0.783451 0.788675 0.091345 0.038463
1  0.783451 0.829545 0.091345 0.033652
1  0.659657 0.994207 0.103365 0.040869
1  0.665667 0.952139 0.096156 0.043266

