10  0.008193 0.109790 0.103371 0.084135
10  0.051460 0.068925 0.103365 0.079325
10  0.058676 0.024453 0.108171 0.091349
10  0.817087 0.921090 0.110572 0.057690
10  0.886798 0.838154 0.096152 0.055293
10  0.908433 0.786471 0.105771 0.052881
10  0.600742 0.532869 0.105765 0.084135
9  0.785837 0.183107 0.115384 0.096151
10  0.803865 0.130223 0.093752 0.076921
10  0.833913 0.067723 0.115384 0.091349
10  0.731751 0.004021 0.108177 0.088944
10  0.678865 0.101377 0.112984 0.096151
10  0.612761 0.234790 0.105765 0.079325
10  0.425262 0.061711 0.096152 0.084135
10  0.451704 0.018441 0.105771 0.088944
10  0.324298 0.026858 0.110578 0.096158
9  0.389205 0.388635 0.086539 0.112984
10  0.200501 0.344167 0.098553 0.086539
10  0.089923 0.409067 0.088940 0.076928

