10  0.563453 0.453288 0.093751 0.064897
10  0.595907 0.420832 0.091343 0.067302
10  0.631967 0.384776 0.086541 0.057696
10  0.678836 0.354725 0.079330 0.050481
10  0.456485 0.423245 0.086526 0.052886
10  0.494953 0.384775 0.100962 0.062507
10  0.534611 0.347524 0.079330 0.055292
10  0.587500 0.321073 0.069711 0.060087
10  0.630763 0.283814 0.098553 0.057696
10  0.669231 0.234536 0.093751 0.064912
10  0.702883 0.608330 0.069711 0.100962
10  0.866338 0.470118 0.050488 0.088934
10  0.945675 0.232131 0.069711 0.098555
10  0.867549 0.144392 0.086541 0.091356
10  0.790620 0.085491 0.091343 0.079329
10  0.603118 0.041024 0.043263 0.086544

