1  0.664581 0.647621 0.067304 0.033652
1  0.679003 0.319496 0.076919 0.031256
1  0.685010 0.244979 0.079324 0.031246
1  0.676598 0.350747 0.067311 0.026435
1  0.681405 0.392814 0.067304 0.028850
1  0.676598 0.427670 0.067311 0.031255
1  0.586456 0.450505 0.060095 0.028850
1  0.587655 0.509399 0.052885 0.026444
7  0.313618 0.888002 0.341352 0.980772
7  0.259533 0.113969 0.281250 0.158657
7  0.622510 0.700505 0.228365 1.495187
7  0.874916 0.718534 0.228365 1.483167
1  0.224675 0.109158 0.038466 0.105768
1  0.836453 0.692089 0.074520 0.031246
1  0.830446 0.799065 0.067304 0.028850
1  0.828041 0.836321 0.072115 0.031246
1  0.392945 0.122380 0.028845 0.084135
1  0.466260 0.081515 0.060095 0.026445
1  0.312418 0.106752 0.031250 0.081730
1  0.265540 0.110361 0.028845 0.084135
1  0.175395 0.112767 0.040865 0.103362
1  0.848473 0.473341 0.064899 0.031256
1  0.263138 0.397621 0.105770 0.086541
1  0.350878 0.438486 0.098561 0.038454
1  0.347270 0.526225 0.091345 0.036058
1  0.349675 0.569500 0.086534 0.036058
1  0.346070 0.613969 0.088946 0.038463
1  0.338858 0.657234 0.093750 0.033652
1  0.336456 0.702906 0.088946 0.038464
1  0.841261 0.581515 0.064905 0.031256
1  0.849676 0.432476 0.057696 0.026435
1  0.935011 0.403631 0.064905 0.026444
1  0.935014 0.439689 0.074520 0.026444
1  0.945828 0.258196 0.067311 0.028850
1  0.932609 0.622384 0.074520 0.026445
1  0.926598 0.731756 0.076919 0.028841
1  0.925399 0.878389 0.069710 0.024038
1  0.849676 0.397621 0.072115 0.033652
1  0.950636 0.218535 0.072115 0.031246
1  0.951838 0.183680 0.069710 0.028841
1  0.858091 0.214931 0.064906 0.028850
1  0.856889 0.250989 0.067311 0.028850
1  0.853281 0.288249 0.064905 0.026444
1  0.848473 0.324303 0.064899 0.031246
1  0.330445 0.744978 0.100966 0.040869
1  0.326841 0.793056 0.098554 0.031246
1  0.342466 0.831514 0.076926 0.031255
1  0.330445 0.879592 0.076926 0.031256
1  0.575638 0.964930 0.048081 0.120193
1  0.652561 0.904833 0.072115 0.028850
1  0.693426 0.061081 0.081736 0.028841
1  0.430206 0.821901 0.064905 0.031255
1  0.433810 0.756993 0.067304 0.026444
1  0.437415 0.628389 0.060095 0.024038
1  0.443425 0.594737 0.057696 0.024038
1  0.112898 0.478148 0.108169 0.084135
1  0.128523 0.118776 0.043270 0.115381
1  0.322030 0.962524 0.098554 0.038454
1  0.317222 0.916852 0.093750 0.033661
1  0.410973 0.906031 0.036061 0.108174
1  0.671791 0.574302 0.072115 0.031246
1  0.581648 0.624785 0.055291 0.031246
1  0.576838 0.686085 0.055291 0.028841
1  0.937416 0.510602 0.079324 0.028850
1  0.929004 0.585123 0.062500 0.028850
1  0.924196 0.657234 0.067304 0.033652
1  0.828041 0.945698 0.067304 0.033652
1  0.835254 0.872379 0.062500 0.031246
1  0.652561 0.830312 0.067304 0.028850
1  0.665784 0.718534 0.069710 0.026435
1  0.578040 0.710119 0.057696 0.028850
1  0.576838 0.770215 0.055291 0.028850
1  0.654966 0.793056 0.072115 0.031246
1  0.572034 0.799065 0.055291 0.028850
1  0.572034 0.829109 0.050480 0.026444
1  0.572030 0.859162 0.060095 0.024039
1  0.652557 0.866370 0.062500 0.028850

