2  0.498940 0.573543 0.043267 0.045674
2  0.306630 0.345179 0.048076 0.050482
2  0.283796 0.432922 0.040867 0.038457
2  0.335478 0.416094 0.038458 0.043265
2  0.301825 0.482200 0.038466 0.040866
2  0.351102 0.466576 0.040867 0.043265
2  0.339083 0.562727 0.055286 0.057690
2  0.406396 0.541095 0.055287 0.057690
2  0.472501 0.517058 0.052886 0.057699
2  0.351102 0.622826 0.040867 0.043274
2  0.400386 0.605997 0.043267 0.043265
2  0.449663 0.590372 0.040867 0.040866
9  0.795814 0.017058 0.069714 0.043274

