10  0.913715 0.207460 0.072112 0.062496
10  0.946165 0.969483 0.079326 0.072115
10  0.892081 0.786792 0.081727 0.081735
10  0.795933 0.482703 0.086539 0.069720
10  0.712995 0.440637 0.074513 0.062496
10  0.632463 0.391354 0.076925 0.060101
10  0.556744 0.349289 0.074513 0.062508
10  0.465398 0.286793 0.084128 0.072116
10  0.380064 0.224291 0.086539 0.067312
10  0.693766 0.166592 0.088940 0.072116
10  0.785113 0.141358 0.084128 0.069707
10  0.697373 0.080053 0.076925 0.072116
10  0.621648 0.036784 0.079326 0.072115

